NNN,NINN
1 2 172.42 -142.71 66.05 157.21 -153.01 88.05 104.15 90.02 140.03 5.40 6.09 4.33
2 3 160.81 -150.52 80.37 149.05 -153.52 106.35 109.05 92.93 150.07 6.22 6.35 5.50
4 5 134.94 -105.14 54.27 137.98 -161.66 139.18 93.57 96.77 148.76 11.45 9.26 5.41
5 6 148.32 163.05 93.89 -152.60 150.41 84.13 102.13 79.64 133.27 5.17 6.13 6.41
NNN,NNN
1 2 170.00 -137.33 73.70 153.14 -144.95 88.92 102.44 95.76 148.57 5.48 6.03 4.52
2 3 166.11 -178.07 89.76 140.89 -141.18 103.88 102.73 95.31 143.59 6.13 6.15 6.13
4 5 170.13 -136.58 71.11 154.11 -147.65 94.19 103.40 94.73 147.30 5.63 6.09 4.51
5 6 164.33 -179.38 88.84 143.69 -144.18 103.68 103.07 97.11 142.64 6.10 6.08 6.24
NIINN,NNN
1 2 146.92 -167.89 75.36 141.04 -143.18 137.94 142.63 80.17 147.58 9.17 9.13 7.29
2 3 166.20 -88.92 51.23 -177.79 -148.38 100.39 109.16 125.31 149.63 5.83 6.37 5.44
4 5 35.87 174.92 61.60 176.92 -166.05 111.02 106.79 99.23 145.45 5.90 6.07 4.60
5 6 162.96 174.22 77.77 149.52 -151.31 107.71 109.35 91.98 146.75 6.28 6.36 6.21
