NNN,NNN
1 2 166.93 -164.34 76.36 166.47 -167.42 124.71 102.72 92.22 149.82 6.74 6.03 4.83
2 3 170.88 -150.73 72.13 160.14 -158.29 96.45 102.94 91.09 151.91 5.91 6.14 4.67
4 5 166.93 -164.34 76.36 166.47 -167.42 124.71 102.72 92.22 149.82 6.74 6.03 4.83
5 6 170.88 -150.73 72.13 160.14 -158.29 96.45 102.94 91.09 151.91 5.91 6.14 4.67
NNN,NNIIN
1 2 -167.44 -140.98 89.07 -146.83 -150.92 124.14 91.56 123.53 144.23 6.74 5.00 5.57
2 3 -112.64 139.95 77.82 151.09 -155.83 139.37 104.79 93.08 147.93 6.74 6.21 5.17
4 5 170.47 -122.06 46.71 15.06 156.28 97.52 109.78 114.09 93.76 5.90 6.40 4.85
5 6 -86.97 108.27 94.06 144.93 -158.65 138.73 60.59 93.97 151.45 9.75 5.66 5.39
