NNNNNN,NNNNNIN
1 2 172.45 -125.68 38.30 -159.03 -169.91 95.53 112.66 113.64 151.95 5.86 6.17 4.83
2 3 -159.72 -171.08 56.39 161.54 -163.68 139.93 124.91 102.97 145.87 6.94 6.95 6.59
3 4 150.98 -163.03 72.12 -172.38 -167.63 83.53 102.98 85.98 152.15 5.20 6.08 4.60
4 5 165.29 -121.86 71.36 145.92 -146.35 98.14 101.26 86.03 149.88 5.86 6.08 4.16
5 6 166.26 -120.11 69.60 140.86 -147.25 98.48 104.60 91.69 144.21 5.98 6.19 4.56
7 8 158.13 -113.76 61.49 153.08 -159.64 120.96 107.53 101.44 147.29 6.46 6.21 4.68
8 9 154.35 -130.76 59.64 -172.53 -165.15 90.15 111.51 96.28 144.12 5.53 6.27 4.38
9 10 174.30 134.21 86.64 179.06 -173.87 105.59 113.04 88.69 156.36 5.76 6.26 8.24
10 11 -174.71 -143.57 60.40 176.22 -152.33 87.05 104.67 93.23 152.16 5.36 6.13 4.58
11 12 126.90 -84.44 40.29 107.57 -140.80 128.22 79.77 98.16 151.61 12.10 9.39 5.29
