NNNNNNNN,NNNNNN
1 2 152.51 -142.77 60.28 120.40 -138.19 82.40 108.96 94.77 143.03 5.08 6.28 4.70
2 3 174.09 -158.79 69.17 -157.40 175.38 107.01 106.14 94.85 152.05 5.91 5.88 5.38
3 4 163.83 -29.43 -65.84 -176.76 165.11 93.88 106.65 79.14 134.42 5.72 6.27 4.30
4 5 67.01 167.74 130.41 -106.49 149.67 132.28 63.14 136.71 121.04 6.51 3.65 7.07
5 6 -81.09 48.95 52.85 147.72 -155.08 123.63 92.73 84.84 143.28 6.77 5.57 7.11
6 7 150.52 -119.48 66.06 158.03 -167.21 103.26 108.93 98.67 146.15 5.94 6.32 5.00
7 8 161.38 -120.18 55.71 158.02 -142.73 91.27 106.52 93.13 140.25 5.60 6.09 3.97
9 10 168.28 -126.40 75.19 178.33 -167.22 101.96 100.82 92.58 149.69 6.13 6.07 4.53
10 11 169.36 172.59 87.76 170.94 -169.21 98.02 98.95 141.00 150.81 5.93 5.91 8.43
11 12 -166.36 163.81 83.07 -125.28 140.94 95.23 105.42 89.10 141.25 5.74 6.19 5.25
12 13 -176.66 -145.98 84.83 -85.34 125.49 98.00 121.51 75.71 125.47 5.84 6.69 5.88
13 14 -175.07 -118.25 71.39 170.52 -168.26 100.53 106.50 93.00 147.74 5.84 6.20 5.13
