NNNNNN,NNNNNN
1 2 173.33 -118.70 70.76 -163.31 159.57 95.32 107.88 79.88 134.32 5.67 6.20 4.88
2 3 162.97 109.78 26.89 30.61 -155.51 119.59 106.61 129.07 104.57 6.83 6.29 10.65
3 4 161.47 -101.38 68.76 155.63 -160.33 92.21 116.49 97.31 149.27 5.39 6.39 8.30
4 5 167.00 -129.01 70.15 159.10 -160.87 89.95 99.98 96.47 150.83 5.48 5.95 4.48
5 6 169.29 -142.33 72.30 160.55 -160.68 89.91 104.37 97.11 150.68 5.47 6.12 4.99
7 8 173.94 -163.57 71.77 154.36 -157.25 124.21 102.50 89.61 147.03 6.72 5.98 4.63
8 9 170.58 -116.36 52.38 175.19 -154.56 99.01 111.93 94.77 144.54 5.89 6.32 4.44
9 10 160.26 167.44 83.80 156.20 -160.11 127.95 106.11 92.50 146.50 6.81 6.14 6.47
10 11 -177.75 -139.44 68.37 171.49 -165.57 92.20 104.83 90.76 150.57 5.55 6.13 4.58
11 12 166.90 -128.23 63.77 172.90 -165.39 95.51 104.62 90.91 147.40 5.73 6.11 4.30
