NNNNNNNN,NNNNNNNNN
1 2 170.12 -159.07 69.16 176.23 -178.11 120.70 100.82 90.37 156.68 6.69 5.91 4.40
2 3 166.11 -125.23 56.80 168.54 -163.97 94.37 105.87 96.47 150.13 5.74 6.25 4.30
3 4 145.95 153.21 75.59 -166.40 -170.83 102.57 94.89 109.49 137.04 6.11 5.76 7.14
4 5 -177.42 -171.77 68.57 -178.29 -160.88 110.52 99.70 88.25 150.76 6.33 5.86 4.27
5 6 158.19 -150.35 82.17 137.67 -149.47 109.52 98.68 95.80 143.64 6.35 5.94 4.96
6 7 -178.22 -107.13 64.33 146.23 -144.36 89.07 98.26 91.91 146.43 5.40 5.82 4.31
7 8 163.02 -137.63 72.86 144.48 -156.74 96.49 108.96 95.74 153.46 5.72 6.21 5.15
9 10 163.71 -130.52 72.01 142.86 -155.10 105.86 105.03 91.87 150.89 6.13 6.10 4.64
10 11 174.65 -125.98 58.35 -167.28 179.24 92.56 106.74 93.47 155.16 5.59 6.21 4.52
11 12 156.58 -18.26 -71.83 175.13 170.11 97.63 98.05 84.40 143.92 5.87 5.87 4.73
12 13 67.84 152.49 117.60 -87.25 151.41 152.40 74.25 134.91 119.34 6.57 4.16 6.77
13 14 -54.07 29.01 69.61 113.62 -139.90 142.36 94.25 87.38 136.43 6.81 5.15 6.88
14 15 161.32 -142.32 84.02 148.80 -157.57 90.87 115.15 87.56 149.84 5.46 6.56 5.55
15 16 -177.93 -133.65 70.11 139.79 -147.37 87.49 96.67 91.92 148.57 5.33 5.83 4.20
16 17 163.17 -133.27 79.77 125.76 -144.11 86.61 104.87 91.52 142.85 5.35 6.18 4.90
