NNNNN,NNIN
1 2 177.27 -145.22 75.19 163.49 -162.33 88.63 101.84 94.50 148.40 5.45 6.05 4.66
2 3 170.72 -133.94 66.58 -170.36 167.58 97.33 110.20 98.13 138.47 5.86 6.35 4.91
3 4 -161.45 134.93 37.85 139.01 -142.18 115.59 108.07 87.00 143.03 6.07 5.86 6.54
4 5 137.89 -118.05 63.49 144.85 -148.70 97.34 104.30 88.48 146.86 5.77 6.06 4.29
6 7 165.58 -150.83 104.55 -148.98 146.62 91.56 113.75 101.88 123.48 5.57 6.53 7.26
7 8 163.24 -88.03 38.90 141.92 -156.22 144.15 92.40 96.86 145.71 11.24 8.82 4.16
NNNNN,NNN
1 2 -177.80 -154.55 65.60 -174.22 -160.74 88.68 105.17 89.22 142.59 5.20 5.65 4.56
2 3 167.61 -144.46 74.74 -176.51 164.66 130.47 105.98 88.06 141.87 6.79 6.26 4.98
3 4 -159.79 -175.94 -4.10 157.66 -139.93 129.56 114.24 112.42 143.82 6.67 6.15 7.01
4 5 114.60 -150.43 62.11 141.97 -151.73 117.45 107.78 93.40 150.60 6.56 6.21 4.76
6 7 171.73 -133.57 72.96 147.89 -149.35 95.29 102.09 100.88 143.18 5.76 6.07 4.77
7 8 171.03 -130.54 68.38 147.02 -152.77 90.36 102.52 88.48 151.59 5.54 6.08 4.36
