NNN,NNIN
1 2 167.60 -155.76 76.82 161.49 -156.49 94.34 103.48 92.62 143.33 5.76 6.14 4.93
2 3 176.79 -120.15 63.54 161.20 -157.71 101.13 100.20 90.30 149.41 5.98 5.94 4.08
4 5 167.05 -122.72 69.01 -177.35 -173.11 96.96 99.88 90.54 149.27 5.79 5.95 4.18
5 6 -165.63 -176.69 28.72 129.03 -145.98 125.88 100.28 85.70 141.90 11.12 9.83 8.26
NNN,NNIIN
1 2 -149.10 -127.70 69.60 147.92 -151.16 98.46 107.82 95.31 141.97 5.79 6.30 4.93
2 3 167.85 -125.87 65.71 159.18 -154.29 92.74 102.97 88.97 148.16 5.60 6.04 4.20
4 5 173.27 -122.50 64.55 169.29 -159.71 96.69 102.01 93.74 150.24 5.76 6.01 4.26
5 6 155.45 -179.81 1.18 66.51 -155.59 147.21 83.68 94.30 97.34 16.73 13.42 10.40
