NNIN,NNNN
1 2 -179.74 -33.96 -68.33 169.20 168.34 93.88 99.91 82.80 146.41 5.70 5.97 4.22
2 3 -111.47 9.17 156.92 128.42 -141.28 134.50 64.80 81.28 139.73 9.23 5.62 6.18
4 5 167.00 -143.08 73.14 164.93 -155.68 91.35 100.31 95.80 146.64 5.59 6.01 4.49
5 6 169.28 -128.20 65.48 155.90 -153.30 98.94 104.33 91.83 149.42 5.94 6.19 4.29
6 7 -175.41 116.10 43.63 -179.01 -153.55 88.99 76.10 115.85 151.82 5.10 4.44 7.45
NNN,NNNIN
1 2 171.62 -144.91 75.30 -161.67 161.99 98.88 100.39 86.18 134.50 5.94 6.02 4.51
2 3 -170.64 164.06 139.88 155.66 -161.75 130.70 95.09 93.72 150.24 6.88 5.52 8.89
4 5 173.52 -137.24 71.58 159.49 -157.15 93.76 104.92 93.85 147.78 5.64 6.11 4.73
5 6 167.16 -146.53 71.77 170.17 -161.71 92.22 101.91 94.78 149.53 5.55 6.00 4.58
6 7 175.19 153.48 112.73 154.20 -156.26 136.00 42.81 87.40 148.18 11.35 5.97 7.95
