NNNNNNNN,NNNNNN
1 2 167.24 -129.67 68.61 171.12 -163.09 98.57 105.34 91.59 150.36 5.91 6.20 4.49
2 3 167.79 -21.46 -71.70 -179.35 167.25 98.35 102.87 81.58 137.91 5.89 5.96 4.66
3 4 53.48 164.67 108.45 -86.79 158.44 143.05 78.80 124.40 125.62 6.78 4.26 6.96
4 5 -47.65 23.83 73.35 134.39 -149.32 141.56 86.45 88.67 146.97 6.88 5.30 6.91
5 6 171.74 -135.29 72.49 153.81 -159.35 93.19 107.95 94.05 149.39 5.59 6.31 5.14
6 7 169.75 -139.50 67.27 161.68 -157.24 88.49 102.20 92.85 153.08 5.42 6.05 4.40
7 8 163.21 -143.31 71.14 159.76 -158.66 92.03 104.36 94.28 145.32 5.59 6.13 4.74
9 10 165.52 -118.03 62.76 170.94 -162.24 94.63 105.39 91.82 150.92 5.65 6.15 4.47
10 11 153.48 170.68 61.61 -179.38 -141.65 100.14 103.18 125.02 139.20 6.05 5.85 7.24
11 12 -161.48 172.29 71.99 148.62 -152.83 124.32 103.98 90.45 147.61 6.43 6.03 4.67
12 13 167.36 -152.89 77.53 157.51 -156.45 98.54 101.10 89.43 148.15 5.91 6.04 4.88
13 14 177.52 -108.44 61.37 152.21 -151.02 97.92 99.67 93.09 149.48 5.83 5.92 4.18
