NNNNNNNNNNN,NNNNNIIN
1 2 179.21 -138.06 62.93 7.70 173.33 121.82 102.09 95.81 94.26 6.64 5.89 4.55
2 3 165.65 -154.25 80.09 177.56 163.44 124.96 98.90 86.68 139.08 6.86 5.99 4.67
3 4 -176.34 -99.62 -65.98 156.42 169.64 125.95 121.95 94.22 150.45 6.83 6.43 6.40
4 5 45.75 -90.18 78.34 134.62 -143.28 129.32 134.87 90.22 140.67 6.26 6.67 7.70
5 6 179.21 -140.22 68.08 145.95 -151.38 94.86 111.51 94.48 149.23 5.66 6.33 5.27
6 7 161.23 -140.75 75.37 170.80 -164.65 88.15 102.10 89.53 153.61 5.40 6.05 4.47
7 8 169.41 -147.70 70.89 162.94 -156.24 91.31 105.92 95.68 148.47 5.53 6.20 4.94
8 9 163.58 -148.33 73.34 165.89 -155.39 98.93 104.11 89.18 152.41 5.99 6.21 4.53
9 10 163.79 -150.29 77.72 148.45 -148.75 100.39 102.64 91.59 149.47 6.04 6.10 4.78
10 11 171.24 -148.85 79.00 140.65 -145.52 93.39 101.36 90.54 147.78 5.63 5.99 4.73
12 13 169.90 47.76 108.82 -159.54 169.98 85.60 95.39 98.87 148.48 5.29 5.77 10.51
13 14 -148.77 -151.76 62.63 -139.91 168.73 94.73 104.29 91.62 151.34 5.70 6.08 4.54
14 15 159.90 -129.07 73.97 -0.51 -166.29 103.47 104.72 94.80 98.01 6.08 6.16 4.90
15 16 -163.75 -49.62 -36.22 -171.79 159.65 124.65 105.46 134.26 129.86 6.52 5.84 7.11
16 17 -133.73 96.82 74.41 119.23 -146.05 90.48 66.44 94.17 148.59 6.89 5.37 3.73
