NNNNNN,NNNINN
1 2 169.82 -125.68 72.80 178.09 -169.32 91.76 98.34 92.63 149.52 5.55 5.88 4.27
2 3 176.46 -177.67 38.76 -176.91 -141.70 89.48 102.33 114.58 147.18 5.33 5.72 6.27
3 4 158.47 -151.72 68.23 138.56 -145.08 125.63 105.15 91.42 143.80 6.58 6.06 4.52
4 5 168.55 -130.27 67.36 -164.07 175.70 98.46 104.91 89.91 155.67 5.84 6.10 4.50
5 6 157.89 -120.23 62.54 161.36 -154.54 94.82 113.49 97.08 148.69 5.77 6.61 4.80
7 8 -174.49 -132.45 75.45 -175.08 -166.99 88.54 103.55 92.82 148.46 5.36 5.91 4.64
8 9 167.38 -148.02 93.40 -162.19 155.76 94.16 111.41 93.49 131.00 5.66 6.37 5.95
9 10 164.63 -141.32 59.09 146.27 -157.05 134.07 106.03 96.84 148.35 11.43 10.20 7.59
10 11 154.60 -128.42 66.21 149.23 -149.76 84.10 101.58 89.55 149.84 5.17 5.95 4.03
