NNNN,NNNNNNN
1 2 156.24 -130.04 73.65 158.65 -162.24 108.39 92.53 103.92 141.85 6.25 5.64 4.36
2 3 -166.70 -103.12 32.78 -152.01 172.26 96.57 104.51 95.32 147.12 5.50 5.27 3.96
3 4 110.67 179.89 74.97 154.03 -132.13 59.33 113.11 92.11 139.50 3.66 6.31 5.19
5 6 163.45 -140.01 56.99 159.62 -151.63 107.82 104.62 94.89 142.10 5.92 5.81 4.37
6 7 155.09 -142.50 74.87 170.86 -167.45 100.43 102.18 89.56 153.00 5.83 6.00 4.56
7 8 174.63 152.54 -21.15 153.87 -130.78 90.33 107.56 97.31 123.23 5.47 5.64 7.62
8 9 103.14 -121.09 47.29 -152.08 151.00 153.56 119.91 107.20 151.16 6.75 6.47 5.63
9 10 153.05 -132.36 36.88 -110.42 165.58 99.00 119.95 90.83 155.19 5.73 6.42 4.45
10 11 151.38 -145.97 48.30 165.94 -132.06 115.77 113.34 92.66 142.82 5.94 5.89 4.67
NINNN,NNNNNNN
1 2 6.32 62.19 9.82 169.98 -150.94 155.60 106.63 84.64 148.54 13.41 11.50 7.18
2 3 101.57 -113.20 54.62 162.68 -146.13 126.50 113.09 86.89 139.73 6.86 6.44 4.17
3 4 161.94 -132.73 69.20 171.89 -166.46 112.67 110.32 88.79 148.22 6.11 6.07 5.08
5 6 164.03 -152.26 66.74 178.16 -163.09 101.13 108.95 85.61 149.02 5.96 6.25 4.86
6 7 159.70 -147.34 83.50 174.33 165.43 108.76 111.29 84.67 147.18 6.33 6.47 5.46
7 8 -147.13 136.75 32.30 148.05 -153.69 132.04 96.68 99.41 142.78 6.55 5.38 6.46
8 9 126.82 -142.32 73.05 158.42 -156.93 88.45 101.58 95.57 149.75 5.45 6.06 4.58
9 10 171.52 -137.43 67.18 158.03 -155.16 94.71 107.58 95.97 148.86 5.72 6.27 4.85
10 11 163.35 -129.61 70.74 176.25 -166.13 93.43 99.91 90.49 152.54 5.67 5.95 4.21
