NNNNNNN,NNNNNNN
1 2 173.81 -160.72 79.68 170.84 -174.24 101.96 104.57 86.51 152.82 6.08 6.19 5.07
2 3 178.80 -126.10 69.22 -165.21 161.25 95.70 103.49 86.16 140.81 5.80 6.13 4.45
3 4 175.38 -92.50 50.65 -124.54 157.53 122.58 129.71 94.15 133.11 6.75 6.91 6.46
4 5 176.81 104.66 68.94 138.89 -152.13 157.81 98.15 85.07 149.05 7.55 5.85 7.07
5 6 166.68 -131.20 70.92 142.39 -147.99 93.78 107.48 98.25 146.70 5.66 6.28 5.18
6 7 170.17 -123.13 68.35 167.68 -158.40 88.66 99.51 90.19 147.97 5.41 5.87 4.27
8 9 178.67 -156.88 54.10 158.95 -154.46 114.64 103.69 92.13 152.24 6.52 6.07 4.10
9 10 147.40 171.22 64.78 -176.62 -140.68 97.31 102.07 127.03 137.70 5.88 5.72 7.25
10 11 -154.38 -179.97 68.76 163.02 -163.88 122.16 104.19 89.44 151.10 6.28 6.04 4.61
11 12 167.95 -93.76 43.89 175.00 -147.01 96.78 102.26 110.38 145.04 5.84 6.06 4.41
12 13 159.65 -151.00 61.14 159.19 -151.50 122.37 103.22 91.51 147.17 6.77 6.08 4.16
13 14 154.36 -139.80 75.45 150.88 -151.77 99.76 102.55 96.30 146.29 5.95 6.06 4.73
