NNNNNINN,NNNNNNNN
1 2 174.30 -150.40 50.96 150.26 -135.55 116.57 109.95 109.03 138.15 6.54 6.37 4.86
2 3 165.85 -86.75 10.98 -141.46 -153.47 128.68 96.61 137.36 136.57 7.04 5.36 4.77
3 4 -172.14 115.39 82.57 138.04 -150.50 125.90 107.97 112.07 143.21 6.37 6.33 6.64
4 5 165.01 -70.99 70.56 -135.56 168.84 72.94 85.41 134.56 150.59 4.63 5.31 6.43
5 6 163.33 178.45 18.90 -157.73 -158.65 82.19 114.12 111.50 152.26 7.99 9.67 8.21
6 7 139.78 -161.75 72.59 119.17 -132.07 129.15 102.36 88.73 142.33 6.91 6.10 4.56
8 9 -164.46 -72.91 37.91 -101.13 156.68 96.75 119.51 91.62 136.17 5.63 6.31 5.53
9 10 140.66 157.25 90.58 -170.42 -179.87 128.41 105.27 93.52 153.38 6.91 6.27 7.39
10 11 -162.94 -118.45 69.47 -130.11 163.97 86.00 99.23 85.18 152.83 5.18 5.70 4.45
11 12 169.43 -165.96 38.56 -105.92 158.89 109.34 111.64 95.67 142.03 6.24 6.07 5.20
12 13 -159.51 -138.86 4.50 -136.07 -179.53 161.40 111.29 107.04 151.31 7.31 6.47 4.55
13 14 117.30 -167.27 52.79 154.06 -135.44 136.64 105.93 116.35 147.70 7.38 6.34 5.22
14 15 171.19 -155.84 49.43 142.14 -134.52 102.96 117.22 86.11 135.79 5.86 6.29 4.68
