NNIINNNN,NNNNN
1 2 160.71 -100.66 27.49 -104.10 164.27 92.53 113.45 117.55 143.11 5.60 6.43 5.16
2 3 -155.52 145.61 136.84 -157.04 -166.02 97.92 48.25 112.97 149.84 8.71 5.50 9.23
3 4 -102.91 106.19 94.08 -130.57 174.31 124.23 134.14 89.52 152.11 6.90 7.02 8.53
4 5 -156.71 -111.09 35.78 -106.11 165.74 134.94 101.00 127.75 147.01 7.02 6.00 4.92
5 6 165.79 -141.80 51.80 166.79 -159.42 106.15 101.37 89.82 147.95 6.08 5.90 4.46
7 8 174.89 -125.28 64.60 -148.41 169.26 105.92 102.02 93.22 146.92 6.19 6.04 4.49
8 9 171.21 -133.10 65.23 -159.24 161.11 102.17 103.26 92.22 136.41 6.02 6.05 4.68
9 10 -167.93 166.66 83.00 -116.97 149.93 123.94 103.22 85.93 126.12 6.61 5.81 6.42
10 11 -160.97 135.33 112.82 -128.51 172.34 158.22 97.52 78.74 150.60 7.01 5.18 7.03
