NNNINNNNN,NNNNN
1 2 167.91 -141.91 71.63 166.75 -158.44 92.14 104.29 97.92 150.90 5.62 6.17 4.77
2 3 167.49 174.64 58.36 167.66 169.36 95.05 116.69 133.80 139.59 5.75 6.62 8.54
3 4 -88.19 77.33 54.32 -167.07 156.07 69.01 53.05 88.20 133.33 5.59 4.52 4.84
4 5 155.05 117.78 83.67 152.50 -146.75 109.96 76.24 81.80 148.26 6.24 4.72 7.18
5 6 -173.75 -109.81 53.66 165.74 -166.00 103.41 114.05 96.64 151.46 5.85 6.37 4.96
6 7 149.26 -140.11 69.32 153.29 -160.13 84.84 102.70 98.17 141.98 5.26 6.09 4.65
7 8 166.93 -144.08 70.70 156.82 -156.46 95.58 101.05 91.16 144.73 5.78 6.03 4.39
9 10 173.26 -126.95 64.13 172.17 -169.92 91.83 103.47 92.58 150.13 5.49 5.96 4.51
10 11 168.30 -136.19 76.68 -136.79 150.22 98.06 104.17 78.24 134.64 5.80 6.06 4.81
11 12 -164.28 -164.34 48.53 -165.90 157.47 135.55 121.57 91.93 129.05 6.84 6.45 6.15
12 13 171.45 165.76 100.41 -150.01 -151.07 125.69 70.42 112.83 142.90 6.47 3.85 5.61
