NNNN,NNNIN
1 2 173.98 153.52 106.50 133.86 -152.88 116.90 98.80 90.24 150.79 6.66 5.97 7.78
2 3 -151.07 -138.55 70.50 -156.14 166.01 96.93 105.00 95.39 148.83 5.82 6.17 5.11
3 4 174.78 -112.52 64.04 176.55 -169.33 86.77 99.09 95.00 150.48 5.29 5.86 4.51
5 6 175.50 -123.21 63.21 -174.15 -175.27 90.18 103.99 92.30 148.42 5.42 6.01 4.37
6 7 162.60 -16.89 -65.17 175.03 167.74 100.63 104.18 79.46 141.99 5.98 6.10 4.65
7 8 -176.24 6.95 46.39 142.39 -146.43 132.70 50.08 88.74 141.79 9.80 5.21 4.23
NINNN,NNNN
1 2 -18.03 58.00 60.47 130.63 -149.17 158.61 108.44 92.90 143.19 11.19 9.44 7.81
2 3 161.99 -155.11 69.78 162.87 -154.70 82.10 107.26 85.68 149.62 5.03 6.11 4.97
3 4 174.90 -108.74 56.66 161.76 -156.26 98.99 105.81 88.72 152.44 5.72 6.03 4.34
5 6 171.14 -129.86 71.49 159.29 -157.14 92.76 99.75 85.70 153.39 5.58 5.87 4.12
6 7 173.91 -133.01 114.94 134.65 173.41 90.43 137.63 91.20 145.11 5.41 6.86 8.26
7 8 -130.57 111.27 57.49 -79.82 134.63 110.02 69.67 84.85 123.70 5.89 4.26 6.00
