NNIINNINN,NNNNN
1 2 17.93 -124.04 65.06 171.05 -171.03 93.37 105.49 92.94 150.78 5.66 6.24 4.52
2 3 118.08 -133.91 76.01 -168.82 -178.46 138.02 112.67 99.24 148.07 11.54 10.43 8.51
3 4 -120.31 -93.71 36.61 -146.59 153.36 140.97 110.65 97.26 121.99 6.91 6.07 7.52
4 5 116.96 -114.52 97.30 131.79 173.48 138.61 48.73 130.76 140.57 11.09 6.05 3.90
5 6 -160.49 59.20 102.76 144.58 -155.85 91.41 78.70 90.29 145.45 5.45 4.91 9.04
7 8 170.95 -120.06 66.97 157.24 -152.22 92.40 97.72 87.17 151.32 5.60 5.82 4.02
8 9 159.16 152.27 86.72 145.44 -148.29 102.25 104.62 89.70 144.39 6.12 6.24 7.39
9 10 -175.28 -124.10 68.92 163.69 -169.61 99.77 103.08 92.58 148.63 5.97 6.08 4.51
10 11 168.92 -163.39 99.77 135.46 -143.35 95.61 112.93 134.57 149.94 5.73 6.49 8.52
