NNNNNNNNN,NNNINNNN
1 2 168.89 -171.43 70.61 155.99 -155.21 117.51 102.22 90.56 144.51 6.49 5.96 4.70
2 3 176.46 -135.66 65.45 -155.14 166.71 104.16 108.61 89.79 154.00 5.98 6.13 4.84
3 4 162.06 -84.64 27.01 -116.32 -169.81 92.25 98.20 149.19 143.34 5.62 5.50 4.96
4 5 -164.51 -149.91 -130.05 -125.44 -165.31 103.17 129.77 122.39 140.96 5.61 6.62 9.69
5 6 72.75 157.72 14.36 -174.20 -142.85 121.65 108.38 114.88 147.19 5.96 5.66 4.35
6 7 138.56 -163.13 63.12 146.67 -144.46 125.22 104.64 88.92 139.62 6.45 5.91 4.11
7 8 162.61 -118.83 68.28 154.38 -154.28 96.10 103.52 91.86 146.18 5.67 6.01 4.52
8 9 163.22 -127.33 70.72 151.64 -153.93 91.12 109.98 97.24 144.41 5.48 6.31 4.99
10 11 172.09 -139.36 76.62 -174.77 179.56 96.23 99.12 89.26 146.58 5.69 5.77 4.44
11 12 -179.90 -141.19 84.35 -101.33 150.74 99.44 118.15 73.31 103.86 5.86 6.39 5.66
12 13 -173.88 -173.88 54.19 -9.02 170.35 86.54 100.70 105.08 91.37 9.35 10.36 10.32
13 14 150.51 -136.60 63.12 161.62 -155.21 80.61 102.72 97.94 150.34 5.00 6.00 4.30
14 15 160.42 -143.70 71.95 155.37 -155.80 95.88 104.10 95.76 144.27 5.74 6.05 4.71
15 16 168.06 -142.71 75.39 151.40 -154.14 90.46 101.25 94.40 149.36 5.45 5.93 4.63
