NNNNNINNNN,NNN
1 2 -178.63 -2.20 81.93 142.09 -149.46 129.55 90.61 89.03 143.29 7.05 5.59 9.35
2 3 176.66 -137.71 71.12 152.56 -159.31 100.57 110.67 97.54 148.14 6.03 6.44 5.26
3 4 166.12 -148.38 71.32 157.92 -155.21 92.71 103.32 95.45 150.20 5.66 6.17 4.74
4 5 164.92 -147.34 73.84 167.79 -162.08 93.83 100.57 96.43 145.66 5.73 6.01 4.62
5 6 136.97 -84.92 23.01 120.20 -142.89 130.07 92.12 86.07 143.61 12.49 10.51 5.40
6 7 117.36 -121.22 70.39 174.94 -172.27 92.47 109.79 90.80 150.85 5.66 6.37 4.82
7 8 -140.04 152.06 178.30 -119.51 153.85 152.58 121.57 106.29 127.90 7.29 6.59 10.82
8 9 -1.65 99.49 98.63 -175.66 -143.03 135.36 70.24 97.15 144.19 6.63 3.92 5.27
10 11 166.48 -143.48 74.64 153.21 -155.68 96.86 101.27 94.89 143.77 5.84 6.04 4.57
11 12 171.62 -138.76 70.17 169.25 -162.89 93.24 101.26 92.67 145.02 5.65 6.00 4.39
