NNNNNNN,NNNNNNN
1 2 166.07 -149.93 70.27 150.66 -151.05 103.60 102.57 92.24 144.43 6.22 6.18 4.54
2 3 169.65 -132.88 68.59 164.83 -162.93 103.78 102.46 99.44 143.44 6.21 6.14 4.79
3 4 170.02 -143.95 66.75 -173.61 -172.36 98.41 103.86 90.36 149.01 5.93 6.17 4.51
4 5 168.14 -161.36 56.40 -164.04 -171.46 103.40 108.88 98.84 149.25 6.16 6.35 5.51
5 6 152.69 -125.64 -62.44 175.41 170.86 107.75 115.66 88.07 141.12 6.35 6.70 6.44
6 7 72.72 170.11 93.57 -164.60 -147.49 137.40 79.94 99.34 148.35 6.84 4.50 5.45
8 9 165.67 -139.82 62.66 155.36 -153.26 95.73 102.02 101.25 142.36 5.82 6.10 4.54
9 10 160.56 -159.42 71.10 137.22 -143.06 95.45 103.67 89.41 132.30 5.81 6.14 4.69
10 11 166.13 -139.34 83.82 136.17 -147.57 112.40 111.33 94.05 148.90 6.56 6.57 5.80
11 12 -176.86 -119.57 51.39 166.76 -137.45 90.82 109.61 116.91 149.40 5.59 6.26 5.25
12 13 171.41 -104.41 37.50 -141.89 -177.40 110.40 83.33 168.40 144.39 6.12 4.62 5.15
13 14 -132.38 12.97 62.18 165.21 -142.48 86.28 131.47 100.15 147.69 4.87 6.96 10.27
