NNNNN,NNNNNN
1 2 172.99 -135.94 73.31 162.05 -163.81 91.01 103.11 98.82 149.39 5.54 6.08 4.94
2 3 168.63 -168.78 107.60 -140.94 152.90 94.90 120.59 87.79 120.09 5.77 6.66 7.09
3 4 -126.55 -174.88 -11.26 -179.87 151.44 125.25 100.98 103.15 137.54 6.16 5.21 5.57
4 5 87.13 -117.20 100.36 126.19 -141.80 94.64 115.13 87.27 144.07 5.52 6.61 6.95
6 7 171.04 -148.22 69.55 151.95 -154.33 88.54 102.38 98.23 145.08 5.43 6.08 4.66
7 8 168.55 -138.38 78.66 -153.41 154.96 98.20 108.41 96.65 133.43 5.88 6.32 5.47
8 9 -149.16 151.52 25.11 162.55 -148.62 118.24 126.44 80.98 140.34 6.21 6.13 6.39
9 10 119.28 -126.36 70.51 143.22 -150.06 115.52 105.43 91.96 150.68 6.26 6.15 4.68
10 11 171.64 -126.33 67.18 150.62 -145.28 79.02 103.46 86.39 143.60 4.82 5.90 4.25
