NNNN,NNNNNNNN
1 2 174.22 -122.58 65.39 170.32 -155.74 95.34 105.08 90.03 149.76 5.67 6.07 4.27
2 3 167.32 164.61 84.01 -147.84 155.61 93.87 101.79 74.81 120.20 5.59 5.82 5.92
3 4 -153.35 162.48 105.26 -172.95 -145.65 147.44 62.60 96.87 141.71 6.73 3.59 5.54
5 6 167.05 -143.75 72.65 156.74 -149.92 94.20 107.05 95.85 140.36 5.71 6.28 4.85
6 7 164.33 -154.79 82.63 156.81 -159.08 102.36 104.07 92.40 151.32 6.13 6.20 5.09
7 8 -177.01 41.20 -75.01 -109.17 160.78 93.62 103.68 123.44 126.33 5.63 5.79 9.31
8 9 99.62 -107.31 -70.01 142.28 -163.00 122.86 122.68 95.66 144.53 6.32 6.62 7.03
9 10 32.56 -134.05 68.26 -167.38 160.83 92.05 107.17 81.22 134.72 5.56 6.26 4.60
10 11 -168.13 -62.39 70.66 146.37 -158.20 128.60 126.71 96.20 143.24 6.67 6.57 8.87
11 12 174.49 -115.41 56.01 171.25 -166.46 87.65 103.10 86.54 154.29 5.28 5.96 4.03
