NNNIN,NNNIN
1 2 -177.93 -121.70 64.28 168.34 -162.34 90.25 100.76 90.72 151.47 5.46 5.92 4.17
2 3 162.53 -19.93 -69.09 175.94 170.65 97.59 103.81 79.26 141.47 5.84 6.06 4.55
3 4 -173.78 -9.96 62.29 143.18 -153.56 116.80 70.27 91.64 147.17 7.31 4.99 4.70
5 6 178.94 -132.11 60.54 -164.05 176.70 91.14 106.06 87.52 151.77 5.52 6.19 4.44
6 7 175.39 -32.45 -57.38 145.15 -174.72 93.80 105.52 81.65 147.56 5.43 5.92 4.58
7 8 -136.91 14.16 81.91 138.96 -155.58 123.56 67.60 94.81 148.75 8.35 5.36 3.85
NNNIN,NNNN
1 2 -178.34 -136.79 60.36 -168.76 -176.91 93.60 108.98 91.78 153.70 5.61 6.24 4.63
2 3 159.50 -20.75 -68.01 173.35 170.59 99.48 104.59 81.23 140.95 5.93 6.07 4.65
3 4 176.04 23.59 51.00 137.88 -147.36 124.99 53.93 90.77 142.43 8.85 4.94 3.84
5 6 170.23 110.42 84.69 116.35 -134.01 94.46 101.21 79.70 140.96 5.62 5.90 8.28
6 7 -170.72 -107.14 58.54 147.94 -147.56 96.00 108.13 93.92 150.25 5.65 6.17 4.76
7 8 154.43 -132.73 77.36 143.55 -150.73 91.88 102.90 91.07 148.01 5.57 6.07 4.75
