NNNNNN,NNNNN
1 2 169.52 -131.68 72.41 174.32 -178.23 96.45 102.74 88.37 152.60 5.82 6.10 4.55
2 3 -179.41 -133.91 63.01 -150.68 167.85 92.62 104.80 84.62 134.89 5.51 5.93 4.43
3 4 172.32 132.96 77.12 155.27 -162.88 123.46 99.00 88.05 148.96 6.70 5.86 7.76
4 5 178.38 -122.55 58.08 167.58 -154.48 92.04 107.10 93.04 147.62 5.52 6.16 4.38
5 6 156.66 -137.06 70.95 168.84 -162.36 101.52 103.23 86.75 147.65 5.94 5.99 4.33
7 8 173.11 -129.55 65.30 174.71 -162.50 91.46 102.37 91.26 151.39 5.44 5.91 4.43
8 9 161.09 -179.23 83.41 136.41 -143.85 108.96 108.34 88.30 145.79 6.32 6.39 6.20
9 10 178.40 -133.72 79.35 170.02 -160.14 90.39 101.69 97.99 148.42 5.59 6.05 5.03
10 11 -179.26 -120.76 64.85 157.85 -148.46 94.22 99.76 89.95 149.66 5.60 5.84 4.13
