NNNNNNNN,NNNNN
1 2 163.00 -137.72 73.92 173.59 -163.20 95.16 100.40 94.46 149.84 5.79 6.04 4.44
2 3 168.30 -154.85 77.76 153.72 -153.04 103.31 100.94 93.06 150.01 6.18 6.08 4.88
3 4 175.51 -152.14 77.12 -5.41 -168.90 104.26 105.03 91.18 99.54 6.20 6.24 5.16
4 5 -154.08 97.37 30.57 -119.04 149.28 134.19 85.84 88.27 148.04 6.81 5.03 6.45
5 6 131.08 -140.03 86.10 140.09 -146.30 98.80 105.75 89.68 144.77 5.90 6.20 5.63
6 7 -175.58 -126.14 68.36 146.37 -146.29 89.71 102.32 87.43 147.50 5.45 6.00 4.24
7 8 169.28 -131.02 63.12 163.07 -155.68 101.80 105.16 89.29 152.55 5.97 6.12 4.40
9 10 166.67 -137.88 70.73 158.03 -160.65 100.69 103.74 91.62 149.04 5.96 6.11 4.54
10 11 177.15 -128.50 71.88 -148.17 158.12 95.55 100.13 80.92 137.36 5.67 5.81 4.50
11 12 179.17 -153.87 112.78 157.14 -147.77 139.87 105.51 89.87 151.15 7.13 6.06 7.29
12 13 -150.36 -108.74 68.71 153.59 -150.06 98.13 99.63 94.40 139.99 5.77 5.89 4.39
