NN,NIIIN
1 2 166.57 -166.77 79.27 151.22 -154.07 93.00 101.10 92.89 146.21 5.64 6.01 5.41
3 4 122.03 170.51 109.78 152.35 -155.35 41.91 40.42 90.60 150.81 5.10 5.04 4.57
NIIIIIN,NN
1 2 81.76 33.99 -20.51 -102.39 134.53 167.28 85.63 145.41 124.65 12.15 8.76 6.77
3 4 176.25 -145.00 72.96 169.88 -157.67 92.87 102.33 96.78 154.99 5.69 6.13 4.75
NN,NIIN
1 2 165.65 -128.31 56.67 -164.82 -157.93 92.44 97.53 133.55 135.87 5.45 5.38 4.86
3 4 120.92 162.34 114.72 136.13 -152.04 57.39 35.91 88.54 144.90 6.64 5.28 4.75
NN,NIN
1 2 175.12 -152.06 74.45 -156.20 154.86 88.32 103.72 88.69 138.90 5.40 6.12 4.99
3 4 94.57 -132.64 79.33 162.34 -163.05 113.66 57.27 91.78 153.07 9.64 6.20 3.57
