NNN,NNNN
1 2 173.08 -131.53 67.44 155.26 -150.10 96.17 101.51 89.29 149.48 5.81 6.04 4.14
2 3 164.94 -130.90 63.60 164.32 -146.45 100.70 101.44 94.37 145.08 5.98 5.97 4.14
4 5 163.94 159.36 92.79 162.12 -168.63 106.57 106.39 106.73 155.26 6.33 6.29 7.83
5 6 -166.68 -129.71 52.26 156.20 -152.62 99.57 104.21 96.35 141.04 5.90 6.13 3.97
6 7 158.77 -131.13 62.51 158.59 -160.39 99.50 101.04 92.38 149.45 5.81 5.81 4.24
NNN,NIINNIN
1 2 168.13 175.37 81.60 157.39 -158.48 113.66 102.54 93.59 140.98 6.50 6.00 5.07
2 3 178.59 -127.40 64.09 169.60 -160.58 94.42 103.54 94.24 156.08 5.62 6.08 4.24
4 5 -147.86 -160.39 -1.02 160.43 -159.20 155.18 162.44 91.69 148.30 9.32 9.40 9.62
5 6 95.84 -143.42 74.79 170.96 -166.02 96.00 101.34 91.84 154.63 5.65 5.92 4.57
6 7 135.70 -18.70 -25.99 -168.25 -150.71 143.71 91.09 138.24 142.24 9.71 7.26 5.31
NNN,NNINN
1 2 164.12 -124.26 50.82 170.19 -144.70 98.95 105.00 110.73 144.96 5.92 6.13 4.46
2 3 167.83 -155.23 65.36 165.26 -163.30 121.56 104.42 91.56 150.76 6.66 6.10 4.47
4 5 -164.98 164.47 19.16 24.57 -170.04 112.33 104.23 129.90 87.93 6.32 5.86 8.06
5 6 146.50 -124.99 82.57 122.11 -132.57 59.45 43.13 127.10 140.00 5.91 4.82 5.56
6 7 -178.84 -172.90 85.89 138.81 -166.21 92.60 113.28 85.99 145.13 5.63 6.54 5.68
