NNNNNN,NINN
1 2 175.01 -153.65 78.37 -163.02 -175.32 91.58 94.89 116.60 147.11 5.55 5.43 5.36
2 3 -98.24 101.56 9.84 119.19 -143.71 126.35 129.75 89.50 136.63 6.31 6.68 7.00
3 4 103.43 -139.76 77.62 138.19 -143.60 93.59 112.83 86.75 138.09 5.67 6.52 5.22
4 5 178.35 -129.18 71.96 157.57 -167.17 101.12 104.96 93.39 151.32 5.91 6.06 4.90
5 6 175.40 -106.28 37.98 -155.92 -161.11 86.96 105.42 106.82 145.77 5.27 6.08 4.20
7 8 -175.96 -138.55 29.28 147.35 -137.45 133.27 70.96 126.51 136.67 12.00 8.55 5.95
8 9 148.13 -130.90 52.48 159.64 -153.93 96.43 96.19 91.33 148.00 5.49 5.50 4.15
NNNNNN,NNN
1 2 177.55 -127.27 66.50 152.07 -152.21 100.42 101.68 91.18 140.39 5.85 5.89 4.21
2 3 165.16 -129.49 71.08 172.90 -164.40 97.60 101.82 88.48 145.92 5.81 6.00 4.40
3 4 168.31 94.01 36.68 135.15 -143.57 111.11 108.16 84.54 137.50 6.48 6.34 8.29
4 5 135.46 -121.22 71.45 161.96 -158.66 93.77 103.78 88.77 149.49 5.54 5.98 4.49
5 6 177.39 -135.68 59.79 -176.79 -171.69 101.42 103.43 87.91 151.87 5.88 5.91 4.22
7 8 164.09 -134.40 72.65 170.26 -167.11 102.87 100.31 90.06 152.03 6.07 5.93 4.29
8 9 -177.44 -91.12 53.58 139.67 -149.13 92.37 125.01 90.55 148.57 5.41 6.62 6.10
