NNNNNNNININN,NNNNNN
1 2 175.12 -136.82 62.16 168.80 -147.60 107.71 113.78 95.94 147.11 6.36 6.51 4.76
2 3 175.03 93.36 45.69 117.79 -149.15 113.14 99.42 142.04 141.93 6.17 5.59 10.53
3 4 132.03 175.98 66.63 152.68 -158.85 74.69 110.35 94.66 151.67 4.62 6.39 5.10
4 5 162.57 -114.89 41.30 -164.93 -158.28 89.72 103.96 120.06 145.38 5.52 6.14 4.52
5 6 162.17 173.05 71.52 159.64 -157.99 123.21 106.00 93.49 153.64 6.85 6.25 4.96
6 7 176.49 -122.75 44.72 175.71 -154.01 118.74 114.37 99.29 147.48 6.56 6.32 4.57
7 8 138.92 -78.89 -21.38 -138.43 148.06 59.09 88.42 92.73 122.77 6.49 8.43 4.75
8 9 127.35 109.26 125.84 172.19 -154.16 117.11 75.68 91.82 139.28 10.68 8.22 13.10
9 10 -138.01 -147.27 76.41 138.46 -150.57 122.00 107.31 94.99 142.82 6.73 6.33 5.20
11 12 172.51 -149.15 70.73 166.83 -156.76 96.87 100.05 88.65 148.27 5.79 5.91 4.37
12 13 173.23 -160.72 70.07 -169.35 -155.27 92.50 104.46 79.58 151.66 5.43 5.72 4.58
13 14 167.48 -121.13 69.08 -147.40 -156.72 119.74 91.85 129.55 141.45 6.29 5.12 4.75
14 15 -121.71 165.60 48.15 164.52 -154.35 133.72 114.86 86.41 143.76 6.80 6.51 4.08
15 16 145.16 -98.47 42.51 173.51 -144.64 109.73 107.18 110.24 149.55 6.23 6.21 4.48
