NN,NNN
1 2 173.42 -136.63 70.92 145.30 -152.11 94.63 105.26 91.60 144.65 5.73 6.19 4.62
3 4 173.02 -133.97 75.90 -143.88 154.21 94.75 103.35 76.21 137.05 5.71 6.06 4.69
4 5 -167.79 148.33 45.88 121.00 -142.48 142.44 108.14 93.43 145.06 6.94 5.82 6.85
NN,NNIN
1 2 150.24 -126.00 65.61 152.39 -152.13 93.42 105.09 90.31 146.39 5.66 6.17 4.36
3 4 177.71 -121.02 71.05 -151.10 158.75 96.73 104.11 82.45 134.81 5.79 6.11 4.69
4 5 -118.08 87.91 21.57 69.97 -161.19 157.73 67.75 109.92 99.12 12.66 8.30 7.51
NN,NINN
1 2 168.44 -147.87 81.69 142.53 -146.67 103.33 104.02 95.12 148.64 6.15 6.18 5.00
3 4 130.97 -118.36 82.12 147.13 176.25 109.13 48.84 82.52 147.62 9.89 6.08 3.78
4 5 -151.24 -137.11 13.20 146.81 -149.95 129.64 149.68 83.11 143.30 6.54 6.88 6.81
