NNIIN,NNNN
1 2 172.61 -128.56 67.03 177.54 -169.70 86.53 108.38 97.02 153.14 5.32 6.29 4.75
2 3 -175.99 -119.00 20.49 165.65 -139.89 121.72 66.02 134.10 135.57 14.84 11.43 9.14
4 5 173.96 -135.59 70.11 160.51 -151.52 93.99 103.36 90.88 149.13 5.75 6.15 4.38
5 6 178.03 159.10 80.96 140.30 -142.54 94.27 117.83 86.47 143.73 5.51 6.35 7.36
6 7 179.05 -119.64 71.86 151.01 -151.10 93.70 101.62 85.20 144.36 5.56 5.93 4.30
NNN,NNINN
1 2 139.27 -133.34 72.73 140.80 -144.82 77.87 103.27 87.35 143.12 4.85 6.00 4.39
2 3 169.77 -120.75 64.81 147.85 -147.48 97.74 105.68 90.93 143.63 5.81 6.16 4.36
4 5 170.61 -153.68 75.16 -3.42 -168.64 93.12 102.62 95.21 98.93 5.64 6.05 5.10
5 6 97.67 -163.16 118.76 141.47 -146.21 148.41 138.57 91.22 148.14 11.03 10.77 10.22
6 7 -143.54 -113.61 68.32 141.73 -140.34 81.63 102.18 88.57 140.30 5.00 5.95 4.30
