NNNNNNNNN,NNNNNNNNN
1 2 159.74 -115.92 63.42 159.42 -157.04 108.10 113.70 93.14 146.66 6.05 6.24 3.99
2 3 160.51 170.19 58.57 -177.01 -138.84 91.21 101.38 130.97 140.79 5.58 5.54 7.32
3 4 -153.53 -171.24 55.99 149.96 -154.61 118.75 104.59 93.55 148.92 5.97 6.02 4.41
4 5 154.59 -127.95 62.62 173.11 -157.15 89.96 104.78 93.68 150.84 5.44 6.10 4.31
5 6 156.26 -145.02 73.61 155.35 -145.52 94.16 102.24 91.08 144.29 5.68 6.02 4.47
6 7 168.05 -140.82 79.53 154.33 -150.69 100.60 99.72 91.88 149.22 5.99 5.96 4.66
7 8 173.55 -140.87 75.56 150.76 -148.55 94.10 106.27 100.69 144.09 5.69 6.23 5.18
8 9 173.88 -135.93 83.42 165.16 -162.70 89.21 87.27 92.90 147.81 5.93 5.81 4.79
10 11 164.56 -122.93 74.94 148.71 -147.13 92.70 104.52 94.39 143.26 5.68 6.21 4.53
11 12 172.06 167.82 72.86 178.43 -144.98 97.08 92.35 134.31 142.01 5.85 5.35 7.42
12 13 -145.31 -175.75 55.95 159.36 -157.78 113.73 103.37 94.60 149.32 6.17 6.09 4.33
13 14 150.54 -134.87 71.51 157.19 -154.70 88.31 101.21 89.62 149.68 5.45 6.05 4.27
14 15 166.79 -129.47 67.52 156.36 -152.57 97.81 104.89 89.66 144.73 5.86 6.18 4.34
15 16 160.52 -142.02 79.22 168.05 -162.94 100.79 103.92 96.81 151.70 6.01 6.14 5.08
16 17 173.78 -149.87 72.94 159.22 -154.69 91.24 106.36 96.56 145.59 5.56 6.23 5.00
17 18 164.51 -125.74 81.75 165.13 -162.64 90.19 97.43 92.93 147.82 5.59 5.90 4.55
