NNNNN,NNNNNNNNNINNNIN
1 2 157.10 36.54 88.94 154.13 -161.80 104.94 83.86 96.03 146.70 5.82 5.20 8.47
2 3 -164.36 122.36 72.71 147.20 -154.69 93.80 100.18 91.21 141.68 5.65 5.88 8.05
3 4 170.40 -123.79 63.11 153.50 -157.81 97.05 104.53 92.30 151.58 5.82 6.20 4.33
4 5 160.09 -141.90 71.01 158.26 -155.28 93.03 104.20 92.78 151.34 5.68 6.17 4.75
6 7 173.04 -138.78 69.94 163.95 -154.40 90.39 103.10 91.59 147.76 5.52 6.07 4.44
7 8 163.19 -132.45 74.22 153.09 -146.37 95.92 101.08 91.37 142.39 5.80 6.04 4.39
8 9 167.53 -149.46 77.45 135.91 -144.42 102.72 105.47 94.03 142.22 6.10 6.22 5.10
9 10 171.97 -147.82 80.22 155.54 -157.88 92.92 104.81 92.55 151.75 5.66 6.18 5.12
10 11 -178.53 -132.00 62.22 174.26 -163.98 91.72 107.25 88.89 148.53 5.55 6.21 4.49
11 12 159.59 -115.23 -68.93 146.09 -156.20 92.08 126.21 89.09 146.39 5.55 6.90 7.27
12 13 31.45 -133.80 72.47 -172.61 180.00 93.64 102.67 87.79 149.31 5.64 6.03 4.62
13 14 178.91 -119.87 85.61 -136.55 155.23 95.04 113.02 105.44 125.57 5.62 6.36 6.82
14 15 -51.71 142.67 -60.38 -174.99 -154.00 97.29 71.69 110.90 144.23 6.41 5.01 4.68
15 16 54.54 -165.33 101.44 -134.42 152.61 114.47 122.94 94.59 115.04 6.40 6.61 7.37
16 17 -150.27 120.09 73.11 174.45 173.03 108.88 73.71 78.29 146.35 6.17 4.55 6.13
17 18 -108.23 93.91 29.34 -132.15 179.35 98.54 50.69 126.45 153.21 7.73 4.78 5.41
