NNN,NINN
1 2 170.50 -150.60 57.62 155.25 -130.95 111.96 111.26 103.32 144.64 5.80 5.58 4.64
2 3 169.58 -130.31 48.33 150.97 -139.87 121.57 116.50 93.51 139.80 6.00 6.30 4.58
4 5 141.24 168.03 27.37 -138.32 150.25 129.14 123.94 83.48 130.90 11.55 11.23 9.60
5 6 151.54 -44.21 18.30 135.95 -149.16 127.46 129.34 92.48 147.62 6.42 6.55 7.47
NNN,NNIN
1 2 159.39 -162.92 84.14 152.76 -157.36 107.22 105.99 89.62 149.19 6.28 6.23 5.35
2 3 -177.66 -124.38 61.50 152.90 -152.75 93.69 101.88 89.64 137.71 5.62 6.00 3.94
4 5 167.89 137.65 56.90 -113.92 144.50 98.34 119.76 111.68 132.11 5.90 6.77 9.11
5 6 140.94 -53.69 35.76 130.25 -149.25 108.97 103.94 100.31 145.68 11.55 11.26 9.30
NNN,NNN
1 2 165.56 -158.15 78.73 152.38 -160.81 128.76 110.28 89.07 147.53 6.67 6.29 5.17
2 3 -177.99 -139.40 75.59 -153.06 158.97 93.90 103.11 82.34 133.03 5.62 6.01 4.78
4 5 134.54 174.19 71.90 -169.67 165.16 82.98 106.41 111.54 134.08 5.11 6.21 7.02
5 6 -178.21 -96.90 54.50 154.48 -148.94 98.73 124.87 91.03 149.53 5.92 6.95 6.79
