NNNNNN,NNNNN
1 2 162.69 -116.16 59.33 -174.82 -149.43 97.60 101.96 110.25 146.37 5.89 6.02 4.38
2 3 177.21 -169.79 72.22 175.11 -173.58 124.66 105.35 87.62 147.03 6.75 6.09 4.68
3 4 -156.72 -147.25 77.98 -71.31 145.91 138.57 101.08 108.28 144.02 6.70 5.51 5.87
4 5 -171.69 174.16 45.44 -162.98 -149.81 131.42 115.61 131.43 149.08 7.01 6.21 6.87
5 6 -165.97 174.08 60.20 150.21 -149.80 124.53 103.39 91.07 152.45 6.48 6.10 4.15
7 8 170.48 -122.53 69.34 -163.06 166.54 90.54 95.08 95.88 133.04 5.45 5.58 4.44
8 9 -174.98 -179.66 71.52 -154.30 154.14 123.03 111.90 84.59 140.37 6.74 6.46 5.88
9 10 -150.98 -162.73 90.78 141.01 -140.53 135.02 120.31 93.61 146.48 6.44 6.06 7.47
10 11 -172.33 -121.15 71.02 149.39 -153.07 100.61 101.30 94.84 141.86 6.03 6.03 4.54
