NNNNNNN,NNNNNINN
1 2 178.05 -147.56 60.47 -174.68 -161.61 94.95 104.54 107.96 144.80 5.70 5.70 4.81
2 3 -150.65 -141.45 22.00 -175.51 -160.02 139.96 97.01 129.62 136.91 6.80 5.89 4.66
3 4 162.45 -153.10 21.37 169.84 -139.98 123.68 115.37 113.73 144.32 7.02 6.46 4.74
4 5 142.22 174.47 78.58 -175.18 -178.85 128.83 102.64 100.93 142.69 6.79 6.07 5.43
5 6 -174.91 -134.83 56.45 -165.98 -169.14 93.42 103.13 92.66 150.63 5.59 5.96 4.19
6 7 161.53 -108.66 63.40 164.33 -163.68 98.62 100.15 89.86 153.95 5.68 5.75 4.38
8 9 175.61 -130.67 50.07 -168.14 -159.35 93.23 103.33 135.01 152.61 5.68 6.11 5.40
9 10 179.07 -170.12 58.60 -169.08 173.10 103.99 106.56 97.80 149.49 6.03 6.13 4.77
10 11 154.21 -151.24 49.63 172.67 -152.53 101.24 110.46 125.62 154.22 6.05 6.45 6.14
11 12 174.33 176.14 70.09 -172.52 168.18 114.92 109.75 80.59 139.95 6.54 6.30 4.68
12 13 125.41 -82.54 41.90 109.15 -136.07 112.83 93.31 92.18 142.88 10.09 9.05 4.48
13 14 142.26 -124.25 67.17 157.52 -156.95 77.23 104.96 96.80 151.37 4.77 6.08 4.77
