NNNNN,NNNNN
1 2 166.22 -143.37 76.33 155.69 -156.37 97.13 103.59 89.32 148.69 5.92 6.15 4.55
2 3 176.48 -131.65 67.23 172.48 -164.49 96.87 102.26 89.90 154.72 5.77 5.99 4.36
3 4 158.91 -144.66 73.28 -171.07 -179.12 99.44 105.48 93.04 152.67 5.97 6.26 4.81
4 5 170.76 -151.45 64.97 -157.18 172.09 94.52 102.55 94.95 144.55 5.69 5.99 4.53
6 7 162.52 -146.01 72.49 161.18 -155.95 98.82 100.87 94.20 148.30 6.03 6.12 4.57
7 8 168.49 -141.31 76.45 157.09 -158.65 93.56 99.71 94.29 148.67 5.64 5.80 4.52
8 9 177.82 -141.75 52.05 166.10 -148.02 96.10 116.68 101.42 148.80 5.61 6.53 5.37
9 10 163.68 -120.85 31.84 179.39 -154.02 105.30 115.93 102.76 144.44 5.86 6.19 4.66
NNNNIN,NNNNN
1 2 -177.74 -137.06 70.12 168.46 -160.81 93.28 104.10 92.46 149.96 5.62 6.09 4.55
2 3 167.21 -137.67 73.17 -176.63 -175.95 94.37 100.71 91.56 153.37 5.69 5.96 4.48
3 4 167.87 -13.38 -74.49 165.94 179.84 97.31 100.71 81.21 143.67 5.82 5.97 4.75
4 5 -175.45 7.91 49.00 127.77 -142.92 118.42 54.54 87.05 140.07 9.19 5.45 3.90
6 7 163.26 127.16 89.82 146.32 -152.00 106.17 96.81 87.06 144.00 6.21 5.77 7.86
7 8 -171.51 -132.15 72.63 151.79 -151.79 92.58 97.42 92.57 147.42 5.50 5.76 4.30
8 9 174.23 -124.01 60.46 160.69 -158.98 97.06 112.32 91.57 154.06 5.71 6.36 4.80
9 10 154.68 -142.13 78.79 150.81 -157.71 92.81 102.63 93.15 151.34 5.64 6.08 4.87
