NNNNNN,NNNNNN
1 2 169.30 -140.48 70.00 165.92 -155.27 88.17 103.70 98.45 145.77 5.41 6.12 4.68
2 3 165.59 -122.77 50.64 178.65 -145.49 106.80 108.01 119.65 143.60 6.30 6.30 4.96
3 4 171.07 178.41 72.91 147.83 -162.52 124.61 111.33 101.85 142.68 6.81 6.40 5.49
4 5 -178.79 -143.42 55.35 -175.13 -168.66 84.23 108.24 89.04 148.88 5.05 5.98 4.46
5 6 158.11 -112.61 61.43 166.67 -155.11 102.23 99.32 88.67 149.20 5.82 5.80 4.01
7 8 171.98 -134.30 63.22 170.20 -168.51 102.48 103.96 88.85 145.64 6.13 6.18 4.09
8 9 167.67 -169.83 67.68 -175.43 -165.43 87.36 124.02 114.25 149.12 5.23 6.63 7.89
9 10 -168.74 -156.83 -51.64 87.97 -169.84 103.03 120.21 115.89 93.07 5.88 6.52 7.88
10 11 95.73 -107.90 64.43 105.68 -128.46 118.09 103.96 87.85 133.50 6.39 5.97 6.98
11 12 173.17 -117.23 62.76 136.59 -151.74 94.11 116.49 92.64 149.61 5.52 6.39 5.54
