NNN,NNN
1 2 167.39 -144.99 76.32 159.97 -159.28 101.30 102.47 98.62 159.19 5.98 6.07 5.02
2 3 169.59 -151.35 70.85 163.22 -156.05 92.50 102.85 90.42 144.97 5.66 6.13 4.37
4 5 166.06 -148.26 73.44 156.86 -153.53 93.63 104.04 97.55 151.53 5.68 6.22 4.82
5 6 171.21 -148.87 71.90 167.92 -165.18 101.14 104.29 89.43 147.63 6.02 6.13 4.61
NINN,NNN
1 2 172.72 -115.83 14.34 -169.44 -154.87 133.66 78.48 123.76 145.14 11.36 8.46 5.76
2 3 136.33 179.48 74.04 143.93 -156.75 117.27 109.01 97.20 143.75 6.50 6.26 5.28
4 5 170.12 -142.59 70.43 168.31 -171.49 99.03 104.32 92.76 144.60 5.88 6.10 4.73
5 6 165.12 -143.30 74.20 -167.80 173.95 93.65 101.81 91.99 152.60 5.64 6.02 4.52
NNIN,NNN
1 2 177.56 -155.17 70.98 -147.26 165.90 89.85 104.76 91.03 148.50 5.49 6.12 5.00
2 3 118.71 -127.68 73.53 135.53 -143.70 128.15 136.14 80.40 141.03 9.58 9.82 6.86
4 5 159.41 -139.51 71.76 157.55 -156.83 106.90 101.15 91.17 144.25 6.22 6.03 4.39
5 6 166.24 -137.28 72.08 162.89 -158.54 98.22 102.91 95.41 152.41 5.88 6.08 4.60
NNN,NNIN
1 2 170.78 -160.52 65.76 158.59 -160.05 113.40 103.32 93.43 150.68 6.41 6.05 4.46
2 3 161.82 -140.97 68.68 165.83 -158.85 90.72 103.53 89.38 149.46 5.55 6.10 4.39
4 5 172.19 -124.47 53.80 157.87 -142.41 94.96 103.60 110.05 154.33 5.63 6.12 4.55
5 6 -173.81 -168.22 28.40 143.80 -154.98 124.77 96.56 94.73 146.28 11.69 10.20 7.82
NNN,NINN
1 2 171.80 -163.20 62.38 165.48 -160.81 122.72 104.68 91.81 150.53 6.72 6.16 4.38
2 3 161.65 -147.11 67.79 174.94 -159.49 94.93 104.21 90.68 150.31 5.76 6.10 4.69
4 5 138.99 -146.45 79.67 124.86 -144.81 117.04 111.42 97.56 149.08 9.26 9.02 7.00
5 6 178.87 -134.44 61.04 155.45 -150.52 81.46 106.17 91.97 146.04 5.05 6.18 4.42
NIINN,NNN
1 2 156.26 -132.42 14.34 -132.47 171.14 155.10 128.46 102.16 152.66 10.10 9.37 7.47
2 3 124.33 -149.76 68.68 153.15 -153.11 118.32 100.57 93.63 153.79 6.64 5.97 4.50
4 5 160.77 -148.69 77.67 163.69 -159.60 100.76 103.25 92.41 150.92 5.97 6.14 4.85
5 6 172.36 -139.51 74.83 174.44 -168.98 94.63 100.80 90.64 152.80 5.75 6.01 4.49
NNN,NIINN
1 2 167.07 -147.65 74.09 148.49 -149.23 102.96 103.85 92.15 149.52 6.19 6.22 4.61
2 3 174.69 -132.62 57.47 146.61 -133.30 89.20 100.21 119.26 148.96 5.39 5.80 4.90
4 5 129.90 -137.10 64.87 145.94 -151.63 133.25 131.84 86.17 146.69 11.15 11.04 8.37
5 6 157.08 -129.53 63.90 150.32 -148.63 101.89 115.32 86.98 152.12 6.05 6.62 4.68
NNIIN,NNN
1 2 -100.58 -125.28 64.54 170.59 -164.91 84.96 102.83 91.91 153.39 5.18 6.09 4.29
2 3 -168.85 -108.96 -38.43 -165.29 -148.32 143.70 42.60 164.83 140.29 15.10 9.55 7.54
4 5 170.58 -139.06 71.39 169.13 -167.71 91.49 103.30 91.43 151.87 5.59 6.11 4.44
5 6 170.15 -133.54 62.37 172.35 -158.02 91.53 103.73 93.07 149.41 5.56 6.11 4.32
NNIN,NNIIIN
1 2 175.42 -149.17 53.93 -154.51 -166.33 104.33 106.76 93.00 144.93 5.70 5.58 4.48
2 3 60.95 -1.95 12.60 156.15 -155.27 169.55 120.96 93.37 145.94 12.30 11.29 7.55
4 5 113.36 -108.63 94.31 130.73 -146.69 80.32 113.94 89.92 147.96 4.82 6.27 7.19
5 6 109.86 -158.92 71.95 161.13 -161.47 63.52 88.57 100.59 149.08 9.22 10.92 7.44
