NNN,NIINN
1 2 166.66 -142.06 71.97 165.52 -158.11 104.58 102.32 93.09 142.91 6.14 6.04 4.47
2 3 169.96 -141.52 68.59 164.71 -155.88 100.91 101.01 93.53 148.21 5.95 5.94 4.36
4 5 156.14 -176.09 53.26 117.74 -146.13 101.66 63.61 101.32 142.67 10.33 7.89 5.43
5 6 144.60 -152.51 80.15 132.49 -149.39 84.63 115.53 88.76 145.65 5.21 6.56 5.43
NNN,NNIIN
1 2 -178.59 -138.02 66.35 -169.45 178.33 97.67 106.08 86.18 152.22 5.77 6.09 4.56
2 3 167.44 -127.04 54.02 175.04 -161.84 103.88 110.08 95.86 154.08 6.06 6.36 4.68
4 5 -100.14 -122.99 62.98 171.92 -166.21 84.61 104.11 89.28 152.13 5.18 6.12 4.27
5 6 -164.26 -107.68 -40.82 -149.20 -155.48 141.49 44.88 159.15 136.44 14.86 9.47 7.81
