NNNNN,NNNINNNN
1 2 165.53 -120.32 68.55 167.56 -172.77 101.28 110.02 89.57 148.22 5.91 6.24 4.27
2 3 175.51 -139.11 74.47 -142.88 154.36 95.31 101.16 80.00 130.32 5.66 5.85 4.69
3 4 178.98 175.60 78.28 -168.99 160.30 134.22 111.39 86.39 138.41 6.99 6.35 6.69
4 5 -149.77 163.48 108.14 165.12 -162.67 144.88 45.70 92.92 147.80 8.61 3.67 5.25
6 7 159.11 -128.74 72.94 159.33 -160.64 99.20 113.08 97.88 145.60 5.89 6.45 4.70
7 8 169.42 -177.06 57.43 -3.47 -164.95 84.42 121.89 129.40 90.59 5.18 6.73 8.29
8 9 -89.30 74.25 57.94 -169.26 161.20 69.13 49.55 89.86 131.52 5.64 4.33 4.91
9 10 161.98 143.29 92.30 130.59 -140.30 116.09 100.03 87.68 148.08 6.50 5.93 7.69
10 11 -170.43 -134.92 75.59 140.25 -147.19 87.93 102.80 92.47 141.55 5.37 6.03 4.81
11 12 177.75 -120.32 74.54 161.59 -159.56 86.27 97.34 92.91 152.94 5.23 5.76 4.60
