NNNNNNN,NNNN
1 2 173.25 -136.95 39.63 171.49 -148.24 128.30 116.31 93.14 139.48 6.11 5.88 4.52
2 3 156.20 178.96 83.29 133.27 -162.85 125.48 113.22 69.83 132.09 6.20 5.89 5.33
3 4 94.21 123.50 174.87 -92.27 125.81 132.16 126.80 100.33 158.52 6.29 6.15 7.89
4 5 -18.12 -129.84 -139.95 112.85 -141.16 142.28 121.41 87.70 136.55 6.67 6.47 8.92
5 6 -32.26 -116.57 55.78 175.38 -162.73 95.88 110.85 84.61 153.18 5.67 6.18 4.53
6 7 156.43 40.32 -58.94 174.95 -146.51 104.88 108.73 119.83 141.60 5.93 5.98 8.90
8 9 158.76 -133.15 56.98 160.77 -149.47 101.53 107.09 95.92 131.96 5.85 5.87 4.03
9 10 167.28 -143.95 62.60 177.05 -167.07 116.67 107.45 96.17 147.97 6.04 5.92 4.69
10 11 166.85 -109.71 69.01 159.60 -153.43 89.95 103.92 92.35 151.90 5.29 5.98 5.03
