NINNN,NNNN
1 2 137.27 -96.11 24.25 102.15 -129.67 119.83 94.26 82.54 135.56 11.32 9.95 4.91
2 3 121.58 102.20 104.35 -154.34 178.45 89.55 96.12 89.94 152.22 5.47 5.74 9.35
3 4 -147.99 -90.97 71.84 156.63 -148.00 95.06 95.61 87.78 142.52 5.57 5.58 5.15
5 6 157.71 -140.84 77.19 156.49 -159.92 101.66 102.44 91.52 144.58 6.02 6.09 4.56
6 7 174.38 -142.63 72.18 164.68 -164.57 101.31 104.72 95.85 149.58 5.99 6.16 4.92
7 8 165.46 -139.52 71.82 162.60 -156.63 91.14 101.02 95.54 152.00 5.57 6.01 4.36
NNIINN,NNNN
1 2 170.27 -156.23 76.08 -172.30 164.97 120.98 102.75 83.85 144.55 6.58 5.94 4.57
2 3 119.71 145.90 24.27 -0.66 -172.74 117.80 155.23 95.04 100.39 14.63 16.08 14.81
3 4 143.31 -55.33 51.96 120.22 -143.65 120.29 119.80 90.43 145.61 6.56 6.50 7.83
5 6 167.79 -167.81 76.22 151.03 -154.12 122.76 103.37 94.39 141.26 6.77 6.06 4.89
6 7 171.66 -135.18 70.44 151.74 -150.60 91.92 104.04 91.15 148.81 5.57 6.12 4.45
7 8 168.02 -129.33 68.04 145.80 -152.85 91.64 104.98 92.59 145.36 5.53 6.12 4.53
NNNIN,NNNN
1 2 168.77 -121.98 67.71 161.62 -157.29 99.69 98.17 89.79 149.08 5.94 5.87 4.00
2 3 -177.38 -165.81 -37.56 -70.39 143.20 96.22 130.22 118.43 132.74 5.50 6.68 9.49
3 4 88.04 -84.12 41.40 125.32 -148.90 152.71 108.72 86.82 145.20 12.78 11.07 9.00
5 6 168.12 -144.90 81.27 154.01 -152.90 95.09 100.49 93.35 143.53 5.78 6.02 4.73
6 7 176.85 -125.45 65.90 153.44 -156.03 97.95 103.78 89.69 147.73 5.90 6.12 4.19
7 8 159.77 -154.92 78.71 166.19 -163.33 91.62 99.13 93.14 146.39 5.59 5.94 4.96
