NNNNNNN,NNININ
1 2 168.93 -137.74 71.79 154.66 -163.46 99.88 106.53 97.56 147.90 5.92 6.20 4.93
2 3 169.90 -151.74 68.08 171.31 169.29 88.66 117.28 86.34 140.64 5.46 6.68 5.30
3 4 -172.68 133.94 12.54 78.09 -155.09 130.92 71.60 106.01 91.68 6.76 4.35 5.57
4 5 136.35 -113.02 113.61 -124.29 156.26 117.27 96.53 142.18 116.33 6.46 5.59 7.72
5 6 -99.87 79.25 47.99 144.11 -151.37 99.76 100.00 97.57 144.15 5.58 5.65 7.26
6 7 147.82 -109.82 66.60 165.10 -157.08 84.97 98.52 88.57 148.25 5.21 5.84 4.40
8 9 -170.20 -134.37 88.47 -155.55 158.15 92.44 113.40 100.51 127.81 5.54 6.39 6.80
9 10 -98.68 57.80 62.10 -24.10 -164.67 111.43 32.27 120.01 98.37 9.05 4.22 5.62
10 11 124.54 -102.51 33.79 141.24 -153.29 119.31 100.49 93.67 145.81 9.71 8.92 4.22
NNNNNNN,NNNIN
1 2 174.18 -135.43 69.21 175.02 -170.52 100.85 107.00 96.66 151.48 5.92 6.19 4.85
2 3 169.97 -147.72 67.16 176.59 168.44 90.74 114.52 85.91 138.27 5.46 6.45 5.02
3 4 -173.64 125.74 11.94 75.02 -150.00 129.90 72.50 105.60 90.16 6.69 4.33 5.86
4 5 136.01 -108.51 108.35 -116.67 151.80 116.36 98.44 141.80 115.46 6.36 5.67 7.87
5 6 -102.44 80.39 44.20 148.87 -149.09 99.70 98.71 100.60 141.57 5.59 5.55 7.15
6 7 148.16 -107.53 57.36 169.51 -153.80 89.57 101.19 89.53 149.97 5.30 5.83 4.31
8 9 -171.83 -137.83 94.71 -142.96 144.56 91.75 113.99 102.30 129.59 5.49 6.40 7.03
9 10 -135.47 92.11 34.74 44.56 -171.49 104.34 67.69 95.25 96.84 5.76 4.08 5.56
10 11 37.60 3.55 34.29 144.89 -155.77 147.10 98.07 95.38 147.23 10.93 8.90 4.27
