NNNINNN,NNNINNNIN
1 2 162.56 -165.61 101.79 -126.40 155.27 96.17 131.87 100.94 110.52 5.61 6.82 7.98
2 3 -130.38 131.73 2.19 -152.50 170.90 111.66 76.04 112.36 141.79 5.98 4.51 6.12
3 4 -88.70 37.12 105.35 175.65 -179.17 126.13 52.23 86.90 153.15 8.56 4.49 4.06
4 5 -154.32 -139.31 66.58 -164.96 -175.01 93.71 102.07 89.55 149.65 5.68 6.05 4.51
5 6 166.01 -114.52 65.50 166.90 -155.93 95.14 102.81 88.61 153.21 5.65 6.03 4.30
7 8 169.11 -120.00 64.18 -170.22 174.41 100.30 107.54 92.46 152.09 5.89 6.29 4.66
8 9 160.15 -21.42 -66.74 172.43 167.57 94.82 105.34 79.96 143.89 5.79 6.15 4.47
9 10 -147.46 -31.97 59.08 137.63 -151.04 136.46 47.28 83.38 138.05 9.50 4.70 3.80
10 11 152.21 -116.65 76.07 178.52 165.28 99.62 111.79 93.48 140.75 5.84 6.40 5.26
11 12 175.98 115.49 91.40 150.24 174.35 114.87 91.49 83.89 143.41 6.54 5.52 8.04
12 13 -48.30 45.87 40.52 170.06 -173.50 118.02 62.32 90.71 149.96 8.86 5.73 5.05
