NNNNNNN,NNNNNNN
1 2 165.69 -147.58 64.55 -162.93 -169.06 89.03 111.12 93.95 149.67 5.48 6.30 4.68
2 3 -170.38 119.17 94.79 135.61 -151.03 156.49 85.08 93.28 144.34 7.41 5.27 7.13
3 4 -168.45 -136.20 65.63 169.48 -163.32 92.87 110.32 94.59 152.59 5.65 6.36 4.87
4 5 161.05 -134.51 67.44 131.83 -149.19 90.66 108.10 91.77 144.75 5.52 6.34 4.65
5 6 163.03 -141.62 74.85 148.43 -151.46 92.75 101.11 92.01 146.47 5.67 6.03 4.63
6 7 169.82 -137.92 70.00 155.12 -149.80 96.36 102.71 92.31 150.62 5.85 6.14 4.47
8 9 -175.94 -156.73 69.08 171.97 -161.16 90.30 104.52 87.97 151.49 5.54 6.16 4.75
9 10 165.59 149.22 69.64 -156.56 168.69 87.82 105.81 82.39 147.52 5.33 5.96 6.53
10 11 171.22 -174.57 71.15 135.71 -144.50 104.84 105.13 91.10 140.06 6.00 6.17 6.16
11 12 173.88 -112.26 50.90 162.88 -157.05 98.20 107.58 93.27 153.76 5.82 6.23 4.30
12 13 145.23 -125.34 79.27 158.84 -153.18 93.74 92.14 94.41 148.13 5.70 5.64 4.20
13 14 176.41 -131.08 73.78 157.07 -160.50 96.89 101.51 97.52 146.19 5.79 5.98 4.67
