NNNNNNNN,NNNNNNN
1 2 152.98 -135.68 81.43 153.08 -159.46 98.45 104.80 91.52 150.92 5.85 6.12 5.01
2 3 -175.66 -131.24 64.17 -160.02 176.72 91.44 102.96 90.43 152.94 5.48 5.96 4.34
3 4 164.30 -18.09 -66.61 176.74 171.64 100.32 105.05 81.01 139.20 5.94 6.04 4.66
4 5 36.50 -171.95 118.51 -83.83 154.18 144.66 73.91 134.33 121.84 7.05 4.24 6.70
5 6 -48.54 34.99 69.54 139.45 -152.33 135.74 95.27 87.12 149.23 6.76 5.76 7.06
6 7 168.17 -126.73 68.45 162.06 -165.50 95.40 107.25 96.76 146.17 5.73 6.27 4.99
7 8 167.83 -124.70 64.81 165.38 -159.85 88.31 98.97 91.45 152.67 5.38 5.85 4.06
9 10 163.27 -149.12 64.63 161.62 -157.88 113.74 102.35 91.40 150.38 6.46 6.02 4.31
10 11 155.06 168.34 58.59 -173.69 -144.05 97.08 105.83 127.60 146.62 5.89 5.89 7.53
11 12 -162.43 175.56 63.68 171.03 -159.25 117.90 105.44 90.74 150.65 6.09 5.99 4.52
12 13 156.87 -157.24 77.95 178.74 -166.72 103.62 97.04 92.16 149.20 6.10 5.82 4.72
13 14 177.85 -105.38 65.77 159.51 -155.91 98.19 96.57 92.73 148.46 5.78 5.70 4.27
14 15 160.38 -137.12 70.70 142.88 -152.81 97.72 108.11 94.93 144.83 5.82 6.31 4.84
