NNNNNNN,NNNNININN
1 2 169.96 -135.42 75.01 140.29 -151.42 97.46 103.91 93.01 147.66 5.81 6.12 4.83
2 3 178.81 -126.08 82.91 -121.55 140.69 93.31 103.84 84.71 127.02 5.61 6.07 5.35
3 4 -170.38 159.75 100.31 124.88 -164.65 119.36 95.32 161.58 130.73 6.74 5.71 10.21
4 5 -125.47 71.91 -6.53 -168.05 -156.53 87.91 92.89 108.76 144.82 5.36 5.56 7.88
5 6 113.61 -153.53 67.54 171.14 -179.90 135.76 107.10 90.04 151.33 7.15 6.27 4.55
6 7 168.84 -97.47 36.63 178.25 -136.91 89.46 96.42 117.40 141.16 5.44 5.81 3.91
8 9 172.45 -140.62 51.09 -176.35 -166.52 99.23 106.89 102.19 144.98 5.55 5.85 4.90
9 10 161.39 -144.58 95.47 -115.36 144.59 91.59 118.73 92.35 136.29 5.33 6.43 7.10
10 11 -163.03 49.79 96.10 -172.97 169.39 97.03 106.18 85.85 152.87 5.78 6.20 9.97
11 12 -25.08 -29.27 89.60 -112.57 159.91 136.20 123.63 98.53 139.96 8.79 7.96 10.80
12 13 137.23 -113.75 -40.53 -7.93 -170.90 136.19 142.32 108.76 85.65 9.43 9.90 8.81
13 14 92.13 -101.91 87.55 109.64 -133.54 101.87 134.66 80.87 136.10 5.23 6.25 8.28
