NNNNNNNNNNN,NNN
1 2 169.10 -149.45 76.92 1.17 -163.69 94.07 107.06 96.18 97.42 5.68 6.27 5.43
2 3 -166.88 125.80 148.39 155.33 -157.99 118.49 97.00 91.51 149.52 6.55 5.69 9.96
3 4 -114.82 -128.70 69.08 155.96 -158.18 87.70 105.40 96.18 149.31 5.36 6.18 4.73
4 5 167.05 -131.55 67.62 162.76 -160.35 89.75 103.69 95.62 150.16 5.48 6.10 4.56
5 6 163.53 -146.33 74.15 1.92 -176.64 92.69 111.64 112.07 85.54 5.65 6.43 6.12
6 7 167.19 -137.04 76.39 173.10 -158.00 71.37 97.53 89.77 148.11 4.50 5.79 4.55
7 8 175.85 -108.19 -76.17 149.92 -150.95 102.34 128.54 90.36 149.42 5.97 6.91 7.43
8 9 20.87 -131.12 69.95 154.70 -155.28 97.81 102.27 90.03 146.45 5.86 6.06 4.38
9 10 169.53 -150.26 109.66 -138.02 149.20 97.22 118.36 90.50 120.75 5.81 6.62 7.40
10 11 -125.36 -82.17 -153.96 141.91 -154.47 123.07 125.31 97.31 150.16 6.39 6.46 10.07
12 13 158.01 -136.95 60.82 168.99 -145.77 103.61 109.49 115.49 137.70 6.18 6.41 5.47
13 14 -176.68 -172.89 51.89 177.61 -144.36 108.28 114.62 96.92 139.98 6.02 5.89 4.89
