NIN,NN
1 2 156.44 -125.08 50.33 139.52 -158.88 132.93 102.82 97.02 148.16 11.28 9.83 6.78
3 4 166.81 -140.69 70.92 161.03 -155.04 101.92 102.97 90.18 148.64 6.02 6.10 4.38
NIIN,NN
1 2 169.10 -90.19 2.75 -177.80 -149.59 143.83 74.32 140.81 137.07 13.92 10.17 7.12
3 4 156.83 -138.60 66.18 155.38 -152.49 94.55 106.91 97.00 144.14 5.72 6.26 4.69
NN,NIN
1 2 177.68 -150.25 71.18 155.84 -153.69 91.31 105.36 97.13 147.12 5.59 6.23 5.09
3 4 149.45 -124.02 77.40 118.82 -144.96 101.23 66.73 136.28 144.29 9.48 7.28 4.91
NN,NN
1 2 -178.15 -146.97 70.14 -178.46 -175.42 94.89 103.40 90.18 144.30 5.74 6.08 4.69
3 4 164.24 -150.93 79.59 161.44 -159.06 104.44 103.19 94.69 145.63 6.19 6.17 5.02
NIIIN,NN
1 2 135.51 -167.79 66.85 136.44 -132.96 105.10 103.53 84.55 134.01 7.59 7.41 4.95
3 4 173.09 -132.63 56.47 156.14 -142.14 95.94 109.08 104.26 148.32 5.79 6.31 4.66
NN,NIIIN
1 2 169.48 -168.90 71.36 149.23 -156.99 117.90 103.99 94.75 146.55 6.54 6.01 4.87
3 4 135.55 176.71 77.15 123.23 -137.39 98.19 76.65 86.38 137.78 8.22 7.02 5.19
NN,NIIN
1 2 163.74 -170.49 82.58 152.81 -161.34 104.12 105.68 96.32 152.77 6.12 6.18 5.96
3 4 117.16 164.77 112.33 145.67 -147.25 47.30 44.49 88.94 147.07 5.39 5.20 4.59
NIIIIIN,NN
1 2 117.61 -145.12 35.77 121.07 -138.07 81.93 77.53 130.51 140.38 11.95 11.65 8.49
3 4 172.70 -128.85 64.99 141.45 -140.11 96.01 106.35 87.35 141.42 5.89 6.30 4.26
