NNNNNN,NNNNNN
1 2 -161.14 -105.18 51.28 172.98 -174.51 77.02 107.27 97.82 144.22 4.72 6.20 4.37
2 3 161.61 -144.80 66.10 -142.42 161.45 89.31 105.52 78.26 129.10 5.32 5.92 4.53
3 4 163.39 158.08 79.06 144.26 -148.21 136.96 89.81 84.15 142.77 7.08 5.40 6.37
4 5 173.92 -118.77 62.70 140.68 -142.90 98.99 108.57 92.68 147.76 5.82 6.30 4.46
5 6 161.01 -135.36 69.72 169.57 -162.52 93.10 101.26 95.81 137.68 5.60 5.96 4.50
7 8 167.09 -142.46 78.73 152.37 -158.32 100.13 102.69 96.92 151.23 5.99 6.12 5.05
8 9 -179.25 -104.76 55.53 -134.61 150.20 87.21 112.64 92.57 137.46 5.32 6.37 5.01
9 10 168.23 111.69 89.15 119.66 -138.94 138.72 95.33 82.08 143.86 6.71 5.25 7.43
10 11 -171.55 -129.76 72.61 161.17 -158.40 99.20 107.16 89.10 146.63 5.81 6.22 4.98
11 12 168.96 -113.37 58.92 166.91 -162.07 101.26 104.41 87.86 151.07 6.05 6.19 4.02
NNNNNIN,NNNNNN
1 2 166.11 -127.14 62.75 -169.63 -176.42 103.71 107.26 86.46 151.93 6.11 6.30 4.31
2 3 176.22 -133.18 60.84 -127.35 164.40 102.22 106.79 80.12 149.75 5.82 5.82 4.49
3 4 141.25 177.70 91.43 168.92 -164.27 141.68 101.01 90.47 153.94 7.19 6.03 6.80
4 5 -165.70 -134.92 73.82 -153.68 154.23 103.48 107.61 78.13 140.76 6.06 6.22 4.79
5 6 137.95 -114.10 73.70 117.36 -149.58 105.51 67.28 121.22 148.88 10.19 7.79 4.97
7 8 175.20 -128.07 60.15 159.26 -161.03 97.00 98.89 95.75 145.29 5.78 5.82 4.05
8 9 170.35 -125.12 58.75 -151.66 155.42 107.04 106.08 88.75 133.85 6.11 6.08 4.55
9 10 161.82 141.37 78.16 139.72 -145.72 122.84 101.66 86.01 135.32 6.78 5.90 7.14
10 11 -174.92 -128.25 60.26 168.27 -160.43 104.14 112.21 93.78 145.89 5.82 6.21 5.08
11 12 156.22 -123.11 65.32 150.19 -149.36 103.92 101.82 96.29 141.99 6.11 6.07 4.25
