NNNNNNNN,NNNIN
1 2 172.71 -140.89 98.35 -140.26 154.57 97.11 114.55 98.96 116.58 5.76 6.39 6.98
2 3 -138.44 -74.74 179.40 -171.69 173.40 114.05 144.04 88.61 143.70 5.99 6.80 10.65
3 4 -49.84 -117.36 -89.21 154.94 166.39 143.24 124.87 85.06 144.42 6.89 6.38 7.54
4 5 26.77 -33.76 102.09 -80.44 130.47 117.90 117.65 94.73 128.04 6.24 6.31 9.93
5 6 -166.56 -148.04 60.72 -100.12 164.49 91.40 101.63 97.72 109.44 5.56 6.03 4.14
6 7 -169.42 165.44 54.74 -165.43 -156.36 130.75 76.69 112.88 145.61 6.48 4.38 3.89
7 8 175.93 -163.63 68.27 164.63 -166.60 131.15 104.10 90.25 151.42 6.97 6.14 4.36
9 10 -178.79 -128.10 61.85 171.80 -165.02 94.72 105.32 92.15 153.97 5.66 6.22 4.51
10 11 158.20 81.91 112.81 148.03 -174.94 99.16 98.91 90.19 142.59 5.96 5.86 9.92
11 12 -28.47 32.42 41.47 161.51 -164.52 122.02 56.46 91.57 152.44 8.95 5.23 4.74
