NNNNINNNNN,NNNNNN
1 2 176.34 -173.85 62.40 -165.60 170.40 118.20 108.30 117.79 162.55 6.28 6.23 5.73
2 3 159.31 -160.03 62.08 146.86 -143.66 93.17 109.21 87.74 145.02 5.75 6.45 4.46
3 4 159.14 153.12 87.42 -172.36 178.12 103.65 114.42 99.72 150.42 6.11 6.55 8.28
4 5 -74.15 106.75 18.00 -143.91 -164.38 65.51 60.53 122.41 156.09 5.23 4.83 4.87
5 6 -170.45 65.48 95.52 166.47 -163.87 139.31 85.67 93.13 152.62 6.89 5.22 7.23
6 7 -165.48 -133.86 73.59 132.62 -149.66 93.86 104.68 95.96 148.64 5.71 6.18 5.03
7 8 174.28 -118.45 59.22 163.57 -163.03 86.42 107.59 93.30 151.39 5.31 6.25 4.59
8 9 154.69 -146.94 73.93 160.10 -161.75 93.73 97.50 94.57 148.52 5.72 5.86 4.47
10 11 175.95 -119.91 53.46 160.31 -151.74 93.93 107.82 90.04 150.75 5.61 6.20 4.28
11 12 164.52 -138.26 69.44 -124.23 163.06 92.80 110.01 77.34 153.55 5.34 5.82 4.75
12 13 162.61 -174.58 60.35 163.69 -158.41 122.27 117.61 84.80 148.08 6.58 6.61 6.17
13 14 -86.87 120.10 91.92 -135.95 -159.94 161.16 103.52 117.32 155.26 6.72 4.97 5.90
14 15 -129.45 157.03 78.30 135.77 -143.80 139.70 102.35 94.76 146.87 6.82 6.09 5.12
