NNNINNNN,NNNNNNN
1 2 179.53 -158.76 70.95 172.97 -162.88 91.44 105.83 86.89 145.09 5.55 6.11 4.83
2 3 168.52 -158.41 78.55 -155.69 152.58 103.33 111.72 87.67 136.14 6.06 6.45 5.74
3 4 -166.28 169.04 1.74 147.22 -149.63 146.63 98.28 87.27 152.39 13.09 10.90 9.19
4 5 98.40 -144.86 72.22 -173.74 -168.47 94.28 102.75 89.93 153.97 5.69 6.07 4.71
5 6 169.43 -132.15 70.10 153.87 -161.02 99.35 107.24 99.06 149.35 5.88 6.23 5.03
6 7 165.33 -133.20 63.36 174.81 -152.64 89.52 103.60 99.78 143.33 5.52 6.12 4.38
8 9 -178.24 -144.64 73.75 -132.42 157.75 90.19 98.09 121.10 145.43 5.53 5.79 5.34
9 10 -114.67 88.39 22.69 133.27 -148.83 120.46 112.18 90.61 143.58 6.34 6.09 6.70
10 11 122.33 -135.08 69.15 -170.59 -172.33 84.02 109.25 96.49 151.26 5.14 6.34 5.22
11 12 160.94 -144.64 74.92 151.18 -150.68 96.16 106.35 92.75 143.89 5.84 6.27 4.76
12 13 176.78 -121.67 56.07 150.58 -149.80 93.66 107.48 84.42 142.24 5.60 6.15 4.06
13 14 152.05 -130.27 72.18 135.52 -145.08 98.34 110.20 91.82 148.69 5.83 6.35 5.06
