NNNNNNNNNNNNNNNNN,NNNNNNNN
1 2 152.24 -150.35 69.18 157.44 -141.35 128.84 118.96 92.13 143.08 7.09 6.70 5.60
2 3 174.69 -120.95 62.16 146.90 -152.31 123.55 106.22 87.57 148.73 6.77 6.23 4.57
3 4 162.88 -122.49 37.06 -106.64 152.79 108.12 122.62 104.79 128.76 6.38 6.91 5.58
4 5 176.98 -6.42 67.93 -41.69 145.66 143.90 116.32 149.83 111.28 7.48 6.41 11.93
5 6 -166.03 -141.66 -158.32 168.46 -159.13 76.35 147.12 136.26 150.21 4.44 7.12 11.77
6 7 -43.98 -134.48 29.71 -146.58 177.87 90.21 119.03 94.70 151.03 5.42 6.61 4.95
7 8 136.45 -141.47 38.95 81.83 -154.58 130.06 113.99 106.32 99.14 7.13 6.62 5.01
8 9 166.11 -73.26 38.82 -56.88 143.62 114.20 104.98 107.00 124.58 6.36 6.02 6.84
9 10 158.95 -152.70 -64.99 167.18 -152.97 116.66 120.95 93.11 149.10 6.55 6.71 7.57
10 11 52.72 -89.88 21.88 -151.51 152.10 119.72 135.82 85.00 127.90 6.61 6.82 5.80
11 12 132.54 -164.72 -81.84 -136.14 166.64 114.22 107.57 137.22 149.88 6.23 6.18 10.08
12 13 45.48 -172.36 -167.59 -141.85 -178.03 89.03 129.33 134.08 137.08 5.35 6.48 11.13
13 14 28.64 -177.26 -141.43 -177.51 -153.16 116.00 123.49 125.52 147.71 6.18 6.83 10.01
14 15 -17.47 149.11 73.84 161.81 -154.91 118.75 106.55 95.83 143.10 6.78 6.34 5.81
15 16 176.20 -105.13 39.62 -172.25 -157.91 109.63 111.83 102.24 152.04 6.43 6.50 4.64
16 17 150.72 -130.49 24.35 -150.28 -166.35 123.90 119.33 107.16 150.00 6.89 6.70 4.97
18 19 -175.49 -125.81 44.41 172.22 -157.73 112.35 117.32 106.08 140.67 6.52 6.66 5.29
19 20 163.15 -138.01 20.79 -154.17 -163.96 120.18 124.17 111.39 152.26 6.67 6.76 5.77
20 21 142.65 -112.92 46.46 -132.57 -172.49 131.96 102.02 130.69 151.11 7.10 5.92 5.53
21 22 -170.02 -172.37 13.93 -126.15 177.82 109.29 104.62 124.66 150.53 6.01 5.94 4.98
22 23 150.89 178.44 55.24 172.31 -175.10 117.36 109.66 102.55 149.86 6.51 6.34 5.16
23 24 168.51 -96.57 35.97 -91.76 161.93 81.10 114.35 99.18 141.83 4.91 6.04 5.06
24 25 160.33 -162.89 59.25 -177.00 -172.26 135.25 109.34 98.08 148.21 6.86 6.32 5.14
