NNNNNN,NNNNNNNNNINNNNNNN
1 2 161.26 -113.41 -173.28 -165.09 175.66 124.65 109.10 140.52 151.34 6.85 6.29 8.90
2 3 -68.75 179.60 54.79 -172.88 -168.75 85.90 107.58 91.77 150.01 5.29 6.30 4.43
3 4 164.64 -111.43 52.30 -175.15 -166.94 105.72 100.77 86.24 149.66 6.10 5.85 4.03
4 5 152.07 -132.86 67.88 -175.43 -176.72 110.43 104.33 92.25 151.49 6.35 6.15 4.69
5 6 -172.12 -130.77 47.74 -154.60 179.83 91.54 107.77 95.09 144.25 5.31 5.78 4.73
7 8 148.26 -139.59 48.90 179.77 -152.81 122.37 118.15 99.90 149.20 6.86 6.70 5.23
8 9 159.08 -147.85 63.63 -168.83 -176.74 122.84 105.59 95.31 150.42 6.82 6.20 4.71
9 10 169.07 -143.38 69.17 -138.85 171.75 101.41 107.36 89.37 149.27 6.02 6.23 5.01
10 11 175.47 -110.05 55.92 -178.82 179.16 118.48 108.63 98.91 148.34 6.66 6.34 5.09
11 12 173.09 53.27 58.98 165.41 -160.72 91.17 95.62 81.23 150.62 5.45 5.56 8.54
12 13 159.87 -91.22 38.86 -140.11 175.78 100.41 121.11 97.29 153.36 5.88 6.74 5.15
13 14 149.33 -120.39 44.77 179.05 -160.17 118.15 124.91 93.19 150.71 6.63 6.80 5.43
14 15 151.18 -126.94 40.48 -136.97 -179.79 127.30 103.78 124.56 149.15 6.98 6.16 5.00
15 16 -125.35 173.00 54.85 -151.79 -170.65 139.89 68.38 132.92 151.19 11.18 7.42 5.39
16 17 -175.32 87.85 -31.29 61.07 -164.51 109.61 99.09 99.87 93.63 6.41 5.86 8.61
17 18 89.87 -110.42 103.58 174.66 -145.62 113.62 92.66 117.41 143.55 6.28 5.38 7.02
18 19 -124.45 167.14 72.22 178.43 -164.17 125.26 108.48 88.97 149.30 6.77 6.33 5.33
19 20 171.88 -133.18 65.67 143.71 -154.92 107.10 110.37 91.35 147.14 6.27 6.41 4.93
20 21 168.14 -126.63 50.64 166.99 -143.89 95.11 104.74 116.28 148.18 5.76 6.13 5.07
21 22 174.69 -128.44 34.68 178.70 -162.90 117.20 118.78 88.81 151.21 6.59 6.61 4.70
