NNNNNNNNN,NNNNNNNN
1 2 165.29 -156.36 76.86 157.23 -153.38 101.18 101.64 94.94 149.70 6.02 6.05 5.05
2 3 173.03 -135.73 70.89 169.44 -160.47 100.94 100.92 96.46 153.60 6.00 6.02 4.47
3 4 164.53 -134.28 80.58 -171.63 -178.02 95.88 97.77 91.08 151.92 5.83 5.88 4.46
4 5 179.53 -21.91 -69.95 174.01 172.58 94.70 103.61 86.47 139.66 5.70 6.03 4.83
5 6 61.16 160.84 107.15 -85.12 156.89 142.54 75.75 134.38 127.43 6.72 4.05 6.61
6 7 -56.08 31.89 70.34 132.52 -146.28 135.15 91.84 88.20 147.55 6.68 5.59 7.04
7 8 167.65 -135.76 68.50 147.40 -149.55 91.77 107.79 93.06 144.19 5.56 6.29 4.87
8 9 167.65 -123.60 65.03 150.47 -145.46 92.26 101.11 92.10 140.12 5.52 5.90 4.13
10 11 173.35 -130.51 67.54 179.56 -168.69 101.70 100.40 94.72 153.32 6.05 6.00 4.32
11 12 160.25 169.95 53.83 -173.50 -139.52 96.01 103.60 128.53 142.47 5.84 5.73 7.13
12 13 -158.39 170.16 66.22 172.95 -168.24 122.46 105.24 92.49 153.50 6.18 6.04 4.68
13 14 162.28 -152.36 72.72 176.31 -169.48 103.13 101.10 97.18 151.42 6.10 6.02 4.91
14 15 167.96 -155.70 76.35 -174.56 -174.30 97.50 95.89 91.57 152.37 5.89 5.77 4.41
15 16 170.32 -116.27 54.41 148.80 -134.16 94.66 109.30 93.91 137.67 5.73 6.32 4.19
16 17 153.75 -138.25 81.22 141.28 -147.64 101.48 106.57 97.18 150.20 5.73 6.01 5.29
