NNNN,NNNN
1 2 160.44 178.72 84.84 147.71 -152.73 98.55 109.00 94.67 148.17 5.95 6.37 6.41
2 3 179.60 -145.46 71.58 159.00 -151.45 89.33 104.79 94.69 151.66 5.47 6.17 4.78
3 4 161.95 -141.93 79.22 146.95 -141.12 92.68 100.04 93.32 138.93 5.65 5.99 4.51
5 6 160.44 178.72 84.84 147.71 -152.73 98.55 109.00 94.67 148.17 5.95 6.37 6.41
6 7 179.60 -145.46 71.58 159.00 -151.45 89.33 104.79 94.69 151.66 5.47 6.17 4.78
7 8 161.95 -141.93 79.22 146.95 -141.12 92.68 100.04 93.32 138.93 5.65 5.99 4.51
NNNN,NNNIN
1 2 165.74 -144.35 65.68 144.49 -153.81 103.46 109.21 95.02 145.50 5.80 6.08 5.16
2 3 164.26 -140.57 71.25 158.71 -159.01 92.52 102.31 91.26 153.33 5.64 6.07 4.59
3 4 167.12 -138.59 71.98 152.71 -153.50 91.09 103.18 92.86 149.87 5.55 6.09 4.63
5 6 167.60 -135.07 70.86 140.75 -147.79 111.85 101.99 93.41 145.28 6.49 6.09 4.55
6 7 169.28 -127.08 69.83 152.45 -153.42 92.73 99.91 91.47 148.52 5.58 5.88 4.26
7 8 162.32 -160.09 45.69 146.38 -152.62 146.42 116.95 91.85 142.66 12.42 11.22 9.25
