NNNNN,NNNNNINNN
1 2 176.13 -124.13 66.28 158.20 -156.11 95.39 103.78 89.86 148.71 5.62 6.00 4.32
2 3 161.30 -150.53 73.12 -179.94 -172.94 102.26 101.48 91.04 148.01 6.08 6.00 4.62
3 4 -177.17 167.20 80.72 -145.89 149.42 100.33 100.38 81.98 126.79 5.75 5.62 6.04
4 5 -155.18 159.31 107.28 -161.70 -152.29 151.89 68.65 96.93 145.23 6.92 3.91 5.61
6 7 172.14 -134.12 68.50 161.08 -154.04 90.89 105.91 101.91 141.51 5.51 6.15 4.82
7 8 164.95 -162.78 78.85 168.26 -164.72 104.22 106.45 93.39 151.58 6.15 6.26 5.24
8 9 -179.14 93.31 78.14 165.49 174.40 89.34 95.56 86.97 146.03 5.40 5.67 8.79
9 10 -143.76 117.58 27.52 52.01 -160.84 137.08 76.16 98.13 114.98 6.66 4.46 5.05
10 11 -17.93 -28.60 73.93 160.11 -153.67 154.78 143.00 85.05 147.42 11.12 10.74 8.48
11 12 170.87 -118.89 65.16 157.18 -152.21 101.35 103.99 89.57 148.49 5.87 6.06 4.20
12 13 165.03 -131.54 65.99 159.76 -157.69 103.74 102.25 92.73 151.06 6.11 6.05 4.40
