NNINNNN,NNNINNINNNNNNNNN
1 2 164.17 -19.03 -73.99 170.49 171.11 97.34 100.01 83.01 138.09 5.79 5.80 4.53
2 3 66.50 87.15 117.97 132.31 -152.59 93.71 146.71 88.67 145.43 9.16 11.58 15.61
3 4 -144.58 -166.35 86.68 168.44 -170.06 102.96 106.93 93.53 149.41 6.14 6.35 6.31
4 5 -178.89 -164.06 77.90 -173.19 -172.05 92.39 98.34 89.05 150.25 5.69 5.92 4.90
5 6 -178.90 -104.31 61.34 165.64 -156.36 100.19 97.69 91.37 146.01 5.89 5.78 4.24
7 8 172.91 -130.13 66.82 -177.28 -176.71 100.14 102.06 90.14 152.72 5.93 6.04 4.25
8 9 164.02 -9.63 -62.62 -169.67 156.69 101.19 106.63 79.43 140.22 6.06 6.28 4.88
9 10 161.90 -11.39 28.04 -102.36 161.87 150.46 137.86 126.43 101.40 11.37 11.04 14.87
10 11 157.30 153.10 59.31 -104.05 159.54 98.10 97.31 91.81 140.65 5.54 5.24 4.57
11 12 -123.21 -7.21 -108.70 -162.64 160.14 123.37 101.96 131.85 123.78 10.53 9.69 15.43
12 13 18.14 -178.81 36.93 -163.44 -164.74 99.57 104.19 112.42 146.05 5.64 5.73 4.49
13 14 164.81 -170.84 59.84 -158.81 172.84 125.23 105.91 98.15 146.84 6.69 6.13 4.74
14 15 166.58 -154.97 -40.44 174.79 -149.43 84.67 121.19 110.19 148.59 5.12 6.65 8.16
15 16 85.57 -90.58 -82.04 128.21 -143.79 121.01 114.53 137.59 142.33 6.69 6.38 7.77
16 17 4.71 162.08 81.19 154.13 -150.67 81.07 106.29 89.25 147.68 4.98 6.17 5.19
17 18 175.85 -138.28 75.72 150.49 -152.01 98.27 99.31 90.80 143.44 5.86 5.92 4.43
18 19 176.27 -98.75 50.74 174.82 -137.90 97.28 105.37 93.27 147.56 5.77 5.96 4.18
19 20 150.53 -152.37 83.46 150.47 -159.41 136.49 103.76 92.37 147.85 7.08 6.16 5.26
