NNNNNN,NNNNNNNN
1 2 146.78 -101.67 52.20 161.90 -149.44 124.12 108.25 86.06 145.11 6.87 6.26 3.82
2 3 149.62 -133.46 63.24 121.93 -146.15 117.45 125.16 98.06 147.94 6.49 6.82 5.97
3 4 153.75 162.30 28.30 -135.31 -168.59 82.96 129.60 127.81 152.64 5.17 6.87 8.98
4 5 177.27 -113.35 51.84 150.71 -157.31 132.21 99.54 98.06 151.68 6.94 6.02 6.14
5 6 153.33 -78.25 39.93 -153.43 164.38 78.26 102.67 128.70 142.01 4.82 5.98 5.72
7 8 178.45 174.42 4.74 170.24 -145.44 142.65 125.66 124.13 140.44 7.38 6.95 6.68
8 9 121.07 -149.66 63.98 -179.92 169.90 110.82 105.24 87.15 133.42 6.35 6.13 4.41
9 10 149.45 -96.27 70.02 -174.19 157.68 137.95 117.34 98.55 133.95 7.36 6.68 5.58
10 11 168.70 146.53 8.61 31.11 174.27 111.35 103.59 115.39 87.91 6.43 6.15 8.25
11 12 140.34 -133.53 67.21 120.46 -144.85 107.21 100.59 79.31 140.73 6.00 5.48 5.29
12 13 179.57 -147.40 19.79 -162.88 -154.39 95.14 117.32 106.53 153.80 5.25 6.20 6.38
13 14 137.81 -152.16 56.18 154.58 -152.46 142.41 114.60 82.81 139.81 7.28 6.41 4.00
