NINNNN,NNNN
1 2 -9.78 152.97 -5.28 138.12 -148.16 86.18 169.93 94.88 142.68 7.03 10.01 10.14
2 3 89.79 -130.30 71.90 -170.61 179.40 95.67 105.02 92.71 151.99 5.74 6.11 4.55
3 4 179.31 -151.26 69.00 -143.53 153.66 100.97 107.88 83.09 139.61 5.84 6.20 5.01
4 5 -164.00 -52.87 26.83 139.20 -151.48 128.86 120.56 93.49 140.30 6.49 6.14 6.90
6 7 162.74 -143.06 60.70 150.91 -137.43 109.00 113.75 90.26 138.92 6.32 6.54 4.59
7 8 167.83 -144.54 69.35 155.51 -151.63 117.26 107.76 87.03 139.39 6.38 5.84 4.64
8 9 170.37 -132.21 63.85 153.46 -149.66 96.63 106.92 87.46 145.08 5.40 5.86 4.14
NNNNN,NNNN
1 2 175.08 164.89 77.68 170.94 -174.43 99.90 110.14 96.20 152.12 5.97 6.41 6.99
2 3 177.07 -142.36 60.61 176.41 -162.95 87.86 103.90 92.88 147.36 5.38 6.10 4.33
3 4 156.81 -130.21 70.25 168.53 -168.60 100.65 106.44 98.70 145.62 6.00 6.25 4.90
4 5 168.06 -139.64 53.52 155.10 -132.55 86.52 104.55 103.87 143.30 5.31 6.01 4.33
6 7 159.37 -154.71 73.54 150.17 -151.87 95.70 103.36 94.80 148.22 5.77 6.12 5.06
7 8 165.51 -127.02 58.43 169.97 -142.48 91.76 109.37 113.60 148.33 5.60 6.20 4.89
8 9 -179.46 -145.51 51.48 159.30 -152.58 113.42 106.60 88.34 146.79 6.10 6.02 4.17
