NNNINNNN,NNNN
1 2 158.47 -127.39 40.42 167.03 -139.01 111.49 103.09 120.64 145.22 6.20 5.86 4.73
2 3 155.25 149.70 61.81 -8.19 -167.71 106.17 127.79 131.04 94.81 5.96 6.77 8.95
3 4 -96.65 92.58 45.54 -138.56 156.95 61.12 53.96 107.90 140.63 5.65 5.16 5.44
4 5 -165.75 92.93 95.64 170.07 -171.48 129.05 98.42 93.65 152.94 6.71 5.65 8.22
5 6 -166.49 -115.72 48.09 173.37 -144.49 89.34 105.77 107.74 149.11 5.49 6.18 4.38
6 7 167.97 -131.67 55.33 155.99 -154.77 108.65 100.33 89.74 149.37 5.99 5.64 4.17
8 9 -152.32 -135.46 45.09 -139.33 156.56 116.18 109.69 88.35 123.03 6.15 6.04 5.80
9 10 154.68 154.46 72.21 160.76 173.33 120.48 95.68 86.90 142.45 6.56 5.66 6.31
10 11 -168.22 -154.10 91.68 -134.47 -158.50 125.55 85.21 138.23 149.77 6.55 4.60 5.88
