NNNNNNNNNN,NN
1 2 -132.15 -74.05 -67.81 -157.50 -165.37 115.87 134.81 157.57 152.26 6.25 6.40 10.87
2 3 59.08 144.21 67.98 142.80 -144.45 95.77 115.59 85.82 144.90 5.44 6.58 5.15
3 4 162.95 -138.41 78.40 152.90 -153.92 99.64 104.49 91.66 146.72 5.95 6.17 5.03
4 5 176.35 -134.21 69.17 155.46 -156.69 95.31 105.55 92.22 147.68 5.75 6.19 4.68
5 6 167.78 -117.43 59.73 168.82 -166.12 91.41 104.91 93.32 150.43 5.54 6.14 4.27
6 7 156.97 -108.55 -79.38 146.35 -148.86 88.10 125.25 87.27 148.84 5.40 6.84 7.24
7 8 19.37 -129.01 68.29 159.79 -159.75 101.27 103.69 89.35 147.38 5.97 6.11 4.47
8 9 167.85 -144.25 106.11 -137.32 148.05 97.07 118.23 90.66 121.72 5.82 6.61 7.21
9 10 -126.80 -72.90 -146.18 138.70 -155.61 121.65 124.79 96.13 146.34 6.26 6.36 9.80
11 12 167.46 -177.46 86.40 146.56 -153.07 100.64 104.11 94.62 145.22 6.07 6.22 6.19
