NNIN,NNN
1 2 174.44 -141.95 67.99 170.66 -172.22 96.25 108.71 99.23 145.27 5.72 6.25 5.11
2 3 125.96 -148.71 92.28 148.86 -154.66 131.24 126.25 85.81 146.96 10.02 9.82 7.81
4 5 160.71 -139.16 62.27 153.30 -130.53 97.57 108.62 101.93 134.83 5.89 6.32 4.60
5 6 169.04 -150.34 79.32 140.78 -148.93 123.01 112.97 96.19 149.09 6.69 6.36 5.64
NNIIIN,NNN
1 2 -178.49 -144.60 84.35 -124.44 150.22 103.30 124.40 105.02 132.76 6.08 6.81 7.27
2 3 61.33 -14.30 14.37 137.01 -141.68 163.68 130.71 91.63 136.56 13.65 12.77 8.85
4 5 166.05 -114.20 74.30 -173.02 178.99 97.86 95.61 120.22 163.74 5.83 5.75 4.81
5 6 174.21 -152.72 71.43 143.44 -153.85 88.98 98.77 101.55 159.46 5.47 5.94 4.75
NNIIIN,NNIN
1 2 115.08 -105.49 89.34 106.95 -127.83 85.23 114.43 90.49 149.80 5.07 6.29 7.12
2 3 98.65 -170.44 67.12 149.92 -156.10 62.11 95.28 90.83 142.54 9.52 11.72 7.90
4 5 179.31 -144.33 50.34 -140.58 -171.10 87.16 105.44 99.41 150.61 5.20 5.75 4.32
5 6 25.88 36.58 10.98 152.30 -151.71 170.48 123.62 94.62 142.21 12.29 11.36 7.65
