NNNNNNN,NNINNNN
1 2 167.99 -177.84 77.29 162.89 -159.71 108.18 104.70 98.47 147.84 6.37 6.24 6.23
2 3 175.67 -143.54 68.48 165.23 -159.66 92.58 104.43 102.16 149.66 5.64 6.16 4.98
3 4 167.49 -138.22 67.01 -152.00 -166.73 96.07 116.54 136.60 148.93 5.82 6.55 7.10
4 5 -156.35 165.15 63.55 -179.79 -168.90 110.65 101.94 90.66 150.55 6.31 6.03 4.35
5 6 164.56 -140.90 65.71 175.37 -160.18 98.28 99.30 92.36 148.66 5.87 5.93 4.32
6 7 161.99 -133.76 57.88 161.59 -139.25 107.98 107.91 106.92 142.47 6.32 6.26 4.81
8 9 -179.97 -23.14 -65.64 175.19 170.40 104.23 100.83 84.08 140.30 6.13 5.83 4.58
9 10 -119.07 -29.12 126.90 -163.48 -164.56 160.25 83.01 121.47 153.04 11.17 8.09 9.89
10 11 -111.17 178.58 63.37 -167.92 -174.27 112.70 106.32 88.30 152.21 6.46 6.21 4.65
11 12 159.60 -118.61 45.83 167.84 -140.83 106.60 104.68 112.28 145.27 6.30 6.20 4.44
12 13 162.98 -117.41 58.76 135.39 -145.00 112.73 100.06 85.12 142.69 6.31 5.82 4.65
