NNNNNNN,NNNNNNNNNNN
1 2 -98.84 16.54 65.41 -158.95 168.90 130.79 70.05 84.65 150.60 6.39 4.34 5.92
2 3 165.36 11.06 -61.14 159.14 178.93 105.65 106.85 82.85 144.12 6.10 6.14 5.70
3 4 59.36 174.14 115.80 -86.78 152.22 137.90 75.40 130.32 114.98 6.75 4.23 6.98
4 5 -54.81 32.45 67.20 132.39 -146.41 136.71 91.83 89.93 144.09 6.85 5.57 7.26
5 6 167.56 -133.41 66.96 156.86 -160.59 95.94 109.05 93.34 145.75 5.70 6.29 4.95
6 7 161.73 -118.22 67.59 151.70 -149.18 91.92 99.51 91.80 145.71 5.60 5.95 4.11
8 9 166.82 -137.48 67.94 170.60 -162.40 103.21 102.50 91.93 150.58 6.12 6.09 4.23
9 10 163.08 170.70 66.83 171.36 -143.34 93.38 94.63 135.04 148.75 5.66 5.50 7.46
10 11 -162.64 174.97 65.71 160.51 -158.79 112.56 105.09 90.03 149.75 6.26 6.22 4.55
11 12 161.68 -138.34 161.29 59.56 -169.30 94.10 97.90 119.21 81.72 5.69 5.85 8.41
12 13 -69.46 -58.23 -68.37 162.22 -157.11 127.13 112.62 91.36 144.06 7.02 6.46 5.87
13 14 28.11 -150.04 76.22 171.94 -173.16 112.06 104.41 102.26 149.51 6.42 6.21 5.45
14 15 171.12 -152.53 70.53 -177.52 -170.12 83.80 99.53 95.76 148.74 5.21 5.95 4.48
15 16 167.58 -152.52 67.83 167.25 -156.06 98.28 101.80 91.94 150.82 5.91 6.06 4.49
16 17 159.75 -144.91 73.46 152.33 -150.99 100.54 102.53 92.23 140.59 6.02 6.12 4.53
17 18 168.31 -141.63 73.20 153.34 -148.28 98.52 103.91 90.19 150.29 5.92 6.14 4.59
