NNNNN,NNNNNNNNN
1 2 160.31 -168.26 66.82 118.91 -133.86 97.67 126.84 95.00 141.14 5.83 6.97 6.57
2 3 157.10 -133.04 -2.63 143.20 -179.26 85.76 115.74 144.48 130.16 5.35 6.58 7.02
3 4 172.30 -159.92 94.51 -155.50 -169.60 118.92 122.86 90.61 149.51 5.88 5.89 7.18
4 5 -168.68 -18.92 -26.86 174.88 -131.90 134.89 99.26 116.38 150.87 7.13 5.56 5.31
6 7 176.61 139.89 83.26 -164.90 168.52 82.03 77.28 85.99 143.63 4.82 4.24 6.14
7 8 -179.63 -111.71 33.90 -157.16 -151.04 102.42 111.42 102.31 155.20 5.59 6.02 3.76
8 9 157.88 -156.42 63.78 29.65 -163.75 152.48 99.24 113.85 94.96 7.25 6.03 4.69
9 10 -148.34 -111.53 37.24 -33.34 151.83 138.95 112.50 116.64 103.30 7.33 6.50 6.86
10 11 -125.14 131.79 -48.22 -146.11 -163.12 126.99 113.18 93.44 160.50 6.18 5.58 5.92
11 12 53.80 -171.47 61.59 172.26 -137.22 116.99 117.83 94.12 148.55 6.23 6.12 5.48
12 13 -179.91 -129.04 41.19 -144.32 -172.33 124.28 94.24 144.29 154.82 6.22 5.19 5.03
13 14 173.74 175.45 44.12 168.17 -138.17 103.40 111.94 95.52 141.30 5.80 6.27 4.28
