NIIN,NN
1 2 151.53 -120.19 40.98 159.88 -156.87 142.78 127.03 81.64 148.76 12.84 12.10 8.80
3 4 174.16 -133.51 72.89 153.59 -152.13 104.19 102.74 90.52 144.57 6.12 6.07 4.48
NIN,NN
1 2 150.93 -131.82 34.07 138.89 -144.72 130.33 122.23 88.78 144.78 12.56 12.21 9.28
3 4 169.81 -141.24 72.66 158.21 -156.45 99.92 102.39 96.53 142.42 5.93 6.05 4.56
NIIIIIN,NN
1 2 84.20 40.72 -23.43 -115.22 136.88 157.03 80.12 145.95 117.52 12.32 8.72 6.22
3 4 175.34 -151.61 76.44 142.52 -145.90 99.87 102.75 94.24 142.88 5.88 6.03 4.83
NN,NIIN
1 2 165.15 -170.49 84.59 144.83 -160.95 103.13 108.02 95.51 147.20 6.14 6.31 6.06
3 4 110.63 -162.66 107.95 120.34 -135.97 91.69 53.29 87.42 136.67 8.18 5.76 4.92
