NNNN,NNNNINNN
1 2 170.00 -148.20 164.51 167.70 -139.52 88.89 98.49 125.60 143.26 5.43 5.82 8.57
2 3 -62.30 -171.73 45.95 -155.17 170.83 93.11 111.47 98.99 149.07 5.15 5.93 5.25
3 4 141.89 -147.91 49.68 -169.09 -156.56 104.86 108.02 102.72 148.24 6.24 6.30 4.48
5 6 170.00 -139.31 72.91 143.83 -143.14 78.40 115.09 92.02 140.27 4.74 6.33 5.12
6 7 167.04 -126.90 71.01 -176.70 162.27 104.05 111.46 97.80 129.59 6.16 6.43 5.15
7 8 167.68 -115.22 39.91 -148.85 -169.37 112.01 113.81 108.16 150.05 6.49 6.49 4.47
8 10 -137.71 6.26 6.33 31.90 157.19 129.07 76.38 105.86 85.97 10.22 7.40 8.26
10 11 128.32 -135.38 60.77 162.07 -159.97 145.56 103.65 92.91 152.31 7.23 6.22 4.40
11 12 165.20 -139.20 64.31 159.72 -149.70 84.99 102.98 85.25 148.89 5.15 5.83 4.23
