NNNNN,NNNINNINN
1 2 175.17 -173.02 77.01 153.31 -161.59 123.41 100.94 92.11 148.15 6.84 5.99 4.86
2 3 -175.11 -118.84 62.35 -146.50 152.13 100.22 105.44 89.14 129.51 5.89 6.12 4.76
3 4 163.99 168.19 73.35 165.86 -167.08 119.84 101.17 89.23 145.97 6.72 5.93 6.06
4 5 -179.85 -91.66 39.80 172.29 -138.88 95.60 96.97 112.50 150.58 5.56 5.59 4.06
6 7 176.36 -129.27 66.35 166.36 -159.04 94.09 100.32 93.28 146.87 5.65 5.97 4.15
7 8 158.30 130.16 116.03 -125.83 164.07 99.70 136.08 90.04 136.00 6.00 7.04 8.67
8 9 33.90 114.52 -40.26 -174.67 159.14 88.16 126.90 89.26 136.35 6.85 8.83 5.83
9 10 83.34 -59.19 97.72 167.42 158.11 130.60 139.47 94.32 140.75 6.66 6.72 10.30
10 11 -40.35 53.40 48.29 160.99 -164.76 115.40 64.41 93.66 150.65 8.02 5.32 4.46
11 12 146.70 54.84 95.23 135.75 -140.42 88.78 80.01 84.50 139.62 5.43 4.96 9.07
