NNNNNN,NNNNNN
1 2 176.78 -125.82 67.10 -167.41 175.08 98.92 117.20 85.14 158.73 5.88 6.61 5.01
2 3 158.94 170.72 78.78 124.72 -142.75 113.44 100.90 93.46 140.03 6.56 6.06 6.52
3 4 175.23 -117.06 62.93 151.14 -152.07 89.99 109.03 92.53 148.68 5.51 6.36 4.65
4 5 159.92 -142.39 74.40 139.06 -142.18 92.31 102.53 88.18 148.80 5.62 6.07 4.63
5 6 174.92 -136.40 63.93 -174.48 -154.13 88.77 99.18 135.27 151.05 5.36 5.66 5.86
7 8 162.72 -152.06 67.74 167.41 -164.41 115.18 108.87 91.09 153.14 6.33 6.13 4.84
8 9 164.40 -148.26 72.94 -171.34 -173.92 94.29 101.39 89.43 153.83 5.70 6.02 4.61
9 10 171.55 -147.29 65.33 -156.26 169.44 98.04 110.33 93.00 147.12 5.83 6.33 5.07
10 11 164.99 144.68 78.18 177.66 -164.81 108.04 97.11 90.36 149.84 6.37 5.90 7.08
11 12 174.68 -110.87 60.46 170.54 -154.21 99.57 101.51 92.10 144.70 5.92 6.02 4.02
NNIINNNN,NNNNNN
1 2 166.85 -135.50 70.17 174.97 -166.43 98.15 102.38 91.81 149.03 5.89 6.07 4.38
2 3 164.09 132.46 18.93 157.32 -150.92 78.74 107.57 93.73 144.45 13.76 15.62 14.52
3 4 117.81 -121.50 65.64 145.37 -152.66 97.15 103.53 93.98 143.89 5.77 6.05 4.42
4 5 163.56 -134.16 66.42 146.29 -150.21 93.28 106.78 93.62 146.36 5.66 6.25 4.68
5 6 164.61 -135.33 71.12 158.58 -162.02 90.12 113.74 96.25 152.08 5.49 6.47 5.45
7 8 170.85 -144.97 77.88 167.41 -166.64 98.92 102.55 97.79 149.15 5.93 6.08 5.07
8 9 171.00 -149.08 65.06 165.76 -145.67 97.00 109.97 92.44 144.03 5.89 6.34 4.60
9 10 175.46 -134.01 62.39 165.63 -160.74 114.49 106.32 89.32 148.62 6.20 5.95 4.57
10 11 170.70 152.07 77.25 171.87 -157.71 88.96 105.64 82.65 147.80 5.21 5.81 6.88
11 12 173.09 -116.90 68.15 160.09 -159.00 105.60 102.12 90.83 148.27 6.01 6.02 4.31
