NNNNNN,NNNNNIN
1 2 177.21 -164.96 80.87 159.59 -159.04 99.24 98.32 90.16 145.66 5.95 5.87 5.07
2 3 179.18 -146.41 74.29 167.27 -168.49 107.40 104.45 92.31 152.10 6.28 6.18 5.02
3 4 171.40 -130.98 47.25 -178.62 -156.51 102.96 111.07 114.81 140.50 6.15 6.47 5.25
4 5 169.24 -149.57 58.17 164.90 -160.04 119.92 101.33 97.40 143.36 6.66 5.96 4.24
5 6 162.65 -107.45 55.27 162.67 -160.59 91.00 103.29 92.43 153.30 5.42 5.97 4.37
7 8 166.12 -154.35 75.55 171.51 -165.28 94.90 103.95 103.85 146.67 5.78 6.17 5.39
8 9 174.06 -146.72 70.76 166.78 -167.60 92.77 104.34 95.23 151.31 5.64 6.16 4.76
9 10 166.49 -177.78 79.87 -178.28 -175.58 99.30 103.06 98.09 149.66 6.00 6.16 6.08
10 11 176.73 -155.00 69.96 -173.21 -169.17 91.51 102.56 89.93 152.85 5.58 6.07 4.57
11 12 128.63 -70.51 38.78 122.09 -144.56 117.88 95.80 91.49 148.06 10.53 9.34 5.09
NNNNNN,NNNNNN
1 2 164.90 -63.76 -43.67 -16.63 142.10 101.85 128.44 124.63 117.94 6.15 6.77 6.60
2 3 106.08 -177.71 105.47 -76.58 146.39 110.86 110.35 141.01 123.22 5.70 5.63 8.23
3 4 -74.52 97.34 -1.33 -178.07 -152.27 104.95 102.12 112.03 143.54 5.58 5.82 6.92
4 5 119.12 -147.70 50.11 178.07 -159.95 110.68 108.10 93.18 149.42 6.17 6.01 4.31
5 6 159.58 -140.35 60.54 152.07 -150.81 103.47 115.22 87.92 151.73 5.82 6.30 5.10
7 8 173.25 -137.14 69.03 168.07 -162.20 103.46 105.27 94.25 147.55 6.08 6.16 4.87
8 9 168.39 -164.29 65.15 -168.02 -159.07 91.33 104.73 91.11 151.50 5.52 5.94 4.85
9 10 168.60 -151.50 59.90 152.43 -151.11 120.72 111.64 92.21 143.45 6.49 6.33 4.94
10 11 154.68 -145.29 81.66 154.54 -154.53 97.87 99.27 95.94 139.80 5.86 5.93 4.93
11 12 179.18 -148.15 73.52 172.87 -169.80 100.94 102.66 101.86 148.18 6.01 6.11 5.09
