NNNNNN,NNINNNN
1 2 171.87 -128.20 70.69 179.78 -175.59 95.74 99.99 88.62 151.80 5.74 5.92 4.27
2 3 176.08 -132.98 70.18 -139.56 158.07 94.40 105.83 79.24 127.97 5.62 6.07 4.62
3 4 165.27 164.00 76.57 149.82 -155.01 134.62 95.20 87.37 143.68 7.11 5.67 6.41
4 5 178.92 -113.42 89.21 -128.67 152.42 92.97 132.30 94.74 112.42 5.49 6.80 7.43
5 6 -151.93 73.50 67.17 -86.01 150.99 107.72 73.70 110.11 121.02 5.78 4.38 8.66
7 8 156.16 165.81 83.07 -8.44 -165.91 102.35 113.28 126.28 89.59 6.02 6.54 8.85
8 9 -69.00 73.74 55.74 -169.31 155.48 74.75 48.88 85.78 133.17 6.11 4.39 5.09
9 10 156.79 142.92 92.89 112.92 -133.28 118.97 97.00 87.81 142.20 6.66 5.81 7.76
10 11 -167.92 -135.50 74.83 150.49 -148.07 84.63 105.53 90.20 143.04 5.19 6.12 4.94
11 12 173.10 -122.70 67.54 149.58 -155.49 101.07 103.11 89.72 145.38 5.96 6.04 4.34
NNNNNIN,NNINNNN
1 2 157.70 -127.13 63.04 -165.39 -171.34 91.52 105.75 86.64 154.02 5.47 6.13 4.31
2 3 164.30 -132.58 47.28 -141.71 -166.12 108.23 114.47 93.67 157.45 6.20 6.21 4.49
3 4 -118.88 131.67 48.61 178.53 -174.61 140.57 130.42 93.10 154.27 6.33 6.41 6.46
4 5 -171.60 -96.26 -13.29 -167.77 152.94 120.82 153.00 98.09 137.74 5.99 6.61 7.88
5 6 -80.16 14.17 99.63 -130.59 -167.08 150.48 67.23 147.59 155.99 8.49 4.73 4.56
7 8 164.62 153.98 86.57 -147.93 151.22 92.92 120.06 87.27 155.80 5.70 6.82 7.28
8 9 -54.38 86.86 64.84 -143.94 144.87 68.09 47.75 115.79 126.93 5.74 4.36 5.31
9 10 177.20 107.75 87.00 130.76 -144.14 109.68 94.46 87.02 147.98 6.36 5.71 7.55
10 11 -178.69 -122.84 73.95 139.22 -145.95 94.10 100.33 96.36 145.89 5.72 6.02 4.57
11 12 168.04 -122.90 71.70 174.43 -169.08 93.23 101.74 88.10 155.36 5.67 6.08 4.32
