NNNINNNN,NNNNNN
1 2 168.98 -132.01 64.91 161.52 -158.86 101.37 106.51 89.43 149.54 6.06 6.26 4.25
2 3 179.23 -64.33 -21.91 -44.57 -172.62 82.08 110.71 117.65 92.86 4.84 5.81 5.02
3 4 118.16 176.15 119.52 -126.68 153.77 127.23 52.79 138.72 131.79 11.15 7.03 7.31
4 5 -76.24 104.93 48.78 156.10 -161.24 103.84 120.73 97.83 151.66 5.50 6.38 7.11
5 6 140.36 -154.06 76.83 155.10 -151.48 86.81 102.53 90.11 146.21 5.41 6.13 4.71
6 7 172.48 -122.50 69.28 152.08 -150.66 95.43 100.28 90.51 146.64 5.73 5.95 4.15
8 9 179.20 -115.51 50.87 156.16 -138.09 92.32 107.86 94.97 144.31 5.60 6.20 4.00
9 10 155.58 166.98 74.77 169.35 -136.14 112.23 92.75 145.11 149.79 6.19 5.01 7.44
10 11 -140.18 168.73 58.50 147.61 -137.93 113.75 109.37 107.01 141.61 6.10 6.45 5.12
11 12 173.28 -143.49 62.20 163.78 -163.85 107.13 101.54 91.76 145.04 6.03 5.77 4.34
12 13 166.27 -114.24 58.45 161.29 -156.93 91.83 101.04 89.67 153.59 5.46 5.88 4.06
