NNNNNN,NNNNNNN
1 2 160.86 13.80 -115.41 134.02 -162.22 100.12 96.78 84.56 141.88 6.03 5.89 7.56
2 3 29.25 113.71 17.26 57.33 -170.57 145.76 70.19 111.73 85.49 7.01 4.23 5.22
3 4 142.92 -132.36 60.55 171.07 -141.21 127.60 101.30 93.09 146.62 7.04 5.97 4.74
4 5 170.35 -139.65 59.46 156.14 -149.67 128.53 108.05 90.04 145.00 6.80 6.19 4.54
5 6 154.27 -136.02 75.89 151.34 -159.52 98.97 105.76 94.73 148.89 5.88 6.20 4.95
7 8 168.44 -146.43 62.45 167.92 -161.49 97.73 107.52 94.46 149.86 5.87 6.28 4.82
8 9 159.39 -127.04 57.60 -163.28 -157.97 96.04 102.98 115.42 149.47 5.81 6.03 4.76
9 10 -179.11 179.46 73.90 162.75 -169.13 125.07 112.39 100.96 149.03 6.78 6.45 5.82
10 11 177.12 -151.39 94.44 -133.20 143.19 86.68 131.42 102.68 113.63 5.31 6.85 7.89
11 12 -143.00 153.28 29.46 139.00 -146.63 97.89 119.28 84.56 144.20 5.47 6.40 6.80
12 13 131.64 -116.00 66.12 179.39 -169.79 97.78 103.04 90.27 150.98 5.78 6.00 4.50
