NNNINNNN,NNINNN
1 2 174.87 -137.64 69.01 153.23 -154.59 92.33 105.40 98.60 146.75 5.55 6.14 4.78
2 3 164.81 171.50 65.26 -153.56 146.97 90.54 115.78 108.17 144.05 5.52 6.58 7.21
3 4 -86.55 78.14 51.45 -167.42 156.68 67.99 54.09 88.99 135.39 5.66 4.71 5.41
4 5 159.08 118.14 71.02 134.89 -142.59 108.22 81.14 86.36 137.78 6.15 4.94 7.13
5 6 174.00 -105.92 53.47 152.36 -153.46 100.23 106.25 92.27 149.97 5.79 6.15 4.33
6 7 152.03 -133.05 65.42 153.30 -150.89 94.91 104.05 91.20 150.80 5.72 6.10 4.33
8 9 168.66 -155.16 111.12 -144.03 147.18 96.26 122.23 91.88 122.42 5.82 6.66 7.31
9 10 -9.99 142.42 -67.25 -178.30 -146.78 116.27 86.62 88.78 147.84 7.11 5.68 4.92
10 11 30.72 -149.70 101.17 -156.68 156.40 133.38 120.84 101.77 125.70 6.89 6.74 7.43
11 12 -136.16 162.29 92.40 -146.89 -145.36 112.84 72.21 125.31 140.61 6.09 3.93 5.70
NNNINNNN,NNIIINNN
1 2 171.89 -138.63 70.67 159.76 -155.75 94.07 105.60 98.86 147.19 5.67 6.16 4.90
2 3 165.50 173.55 63.87 -0.13 -160.88 89.49 113.08 133.90 90.02 5.47 6.51 8.38
3 4 -88.04 74.42 54.62 -168.07 159.48 69.53 50.61 86.66 137.98 5.71 4.45 4.98
4 5 153.91 117.87 77.68 128.35 -133.75 110.96 85.42 83.19 141.24 6.39 5.30 7.55
5 6 179.11 -102.32 56.77 133.05 -142.31 98.53 106.97 91.00 147.01 5.75 6.15 4.44
6 7 153.99 -126.55 66.10 149.43 -146.28 88.68 103.29 91.16 142.61 5.43 6.10 4.30
8 9 175.64 -162.40 103.34 -155.09 151.06 101.97 119.47 90.44 135.73 5.98 6.60 7.13
9 10 3.64 104.73 -37.69 169.30 -158.72 146.54 115.99 81.46 147.57 9.40 8.25 5.52
10 11 56.96 -143.43 103.01 -159.43 152.45 112.72 118.40 101.10 123.90 6.30 6.61 7.42
11 12 -135.30 165.11 94.41 -151.16 -143.42 113.15 69.67 130.86 143.37 6.00 3.80 5.60
NNNINNNN,NNNNN
1 2 169.38 -137.12 71.97 156.73 -155.22 90.64 100.99 92.18 154.26 5.48 5.91 4.41
2 3 166.56 -179.04 68.04 -11.68 -164.34 86.30 116.46 128.71 95.56 5.29 6.57 8.28
3 4 -88.20 70.02 54.52 -166.47 156.30 74.12 48.97 82.81 139.50 6.05 4.39 5.21
4 5 157.56 164.80 84.69 128.96 -145.08 121.43 104.28 90.62 147.19 6.78 6.16 7.25
5 6 -177.91 -124.55 66.86 145.76 -149.01 89.04 102.15 92.39 149.35 5.51 6.10 4.39
6 7 163.74 -146.86 72.88 161.25 -155.29 91.76 105.11 86.92 146.86 5.55 6.10 4.65
8 9 -127.98 -169.23 73.02 179.37 -176.96 84.53 105.84 92.57 150.27 5.26 6.24 4.85
9 10 176.38 -126.22 74.88 -143.58 153.36 94.63 101.22 82.63 130.92 5.73 6.01 4.75
10 11 178.96 162.14 86.73 171.65 165.49 124.13 97.94 84.95 139.59 6.85 5.83 6.79
11 12 -149.60 176.61 90.81 -166.14 -154.44 128.71 76.14 94.25 148.44 6.52 4.23 5.10
