NNINN,NNNN
1 2 172.97 -152.27 74.04 1.91 -170.44 99.25 104.04 95.48 98.23 5.95 6.17 5.16
2 3 160.74 -116.13 29.06 176.96 -135.18 81.42 78.95 132.78 137.20 8.27 7.99 4.92
3 4 169.40 169.34 77.14 144.38 -153.96 121.45 110.15 93.31 150.34 6.40 6.35 5.35
5 6 165.62 -156.61 74.88 153.85 -154.37 99.06 107.33 95.44 144.45 5.97 6.32 5.24
6 7 167.80 -141.14 75.59 163.01 -162.10 94.78 103.18 94.94 147.20 5.75 6.13 4.70
7 8 173.18 -151.49 66.53 177.99 -165.90 92.67 108.39 93.39 153.50 5.63 6.30 4.98
NNIIIIIININ,NNNN
1 2 172.77 -43.47 -112.83 -38.88 133.12 84.40 136.18 79.17 124.27 5.01 6.51 8.02
2 3 -114.90 58.58 16.53 129.85 -155.70 53.86 132.62 86.42 136.52 8.14 12.33 8.38
3 4 108.72 -66.39 -7.09 -173.02 -150.23 104.45 139.61 90.13 139.09 9.69 11.04 9.00
5 6 176.06 -146.07 42.13 -178.74 -143.36 69.26 109.57 99.54 138.29 4.25 5.78 4.32
6 7 154.16 -143.66 71.32 -178.27 -178.11 131.66 104.96 103.01 144.95 6.56 6.03 5.07
7 8 170.34 -137.02 49.00 158.22 -140.51 87.22 106.92 98.07 139.37 5.34 6.04 3.99
