NNINN,NNNNNN
1 2 171.30 -167.87 71.97 145.11 -156.42 120.83 111.85 94.45 144.48 6.82 6.52 5.55
2 3 173.05 173.77 68.54 -108.44 178.67 119.84 45.70 100.35 155.79 12.32 7.85 6.85
3 4 -143.69 -177.38 51.39 175.85 -163.43 147.09 105.44 91.28 147.06 6.90 6.18 4.32
5 6 151.83 -141.46 59.28 -159.57 -173.76 97.69 118.77 100.87 143.91 5.95 6.76 5.71
6 7 -179.95 113.37 20.70 56.45 -159.04 136.20 89.55 90.93 113.05 7.27 5.31 5.97
7 8 148.34 -166.46 -38.08 168.10 -173.06 166.86 102.00 85.00 147.13 7.50 6.11 5.28
8 9 72.08 -40.79 34.11 168.77 -171.99 151.54 121.74 96.77 150.80 7.60 6.80 7.78
9 10 133.42 -142.38 65.30 -162.69 178.19 87.51 103.52 91.06 154.08 5.37 6.18 4.47
NNININ,NNNNIINN
1 2 -177.87 -131.79 84.97 -137.96 152.76 98.63 120.61 95.86 123.99 5.77 6.61 6.89
2 3 -98.30 54.31 50.93 -177.91 158.24 105.45 40.69 99.71 150.52 8.61 4.51 5.90
3 4 113.47 -97.77 41.57 136.47 -151.99 124.40 101.40 96.07 140.98 10.23 9.10 4.77
5 6 161.95 -146.57 76.46 165.31 -166.11 101.12 104.84 96.15 150.67 6.07 6.23 4.93
6 7 173.54 -162.23 66.36 179.76 177.32 96.12 134.27 89.52 149.96 5.83 7.14 6.36
7 8 -146.65 136.13 8.84 -33.39 132.23 129.42 92.16 104.42 124.03 6.28 5.09 5.88
8 9 42.64 -66.33 83.26 -175.45 -154.70 165.14 73.10 122.40 154.71 10.13 6.33 4.19
9 10 -149.75 -159.84 60.97 -177.97 -179.81 124.45 103.29 87.33 154.03 6.86 6.16 4.11
