NNNINNNN,NNNNNNN
1 2 171.49 -105.96 46.58 168.00 -146.85 105.89 108.34 103.03 143.13 6.26 6.36 4.34
2 3 169.50 165.71 93.96 -97.51 139.97 103.70 140.97 91.66 132.80 5.69 6.80 8.33
3 4 149.15 -94.03 79.24 168.93 170.60 142.17 61.38 87.77 138.14 10.25 6.07 3.74
4 5 -172.76 106.23 108.30 128.58 -146.65 127.13 91.39 96.37 143.18 6.90 5.51 9.57
5 6 -154.08 -134.98 70.91 153.46 -153.54 84.02 102.56 91.71 145.63 5.20 6.05 4.54
6 7 169.69 -130.46 65.70 155.32 -155.02 95.43 103.05 90.91 147.23 5.73 6.07 4.30
8 9 169.64 -13.15 -66.10 177.58 164.74 105.48 102.09 84.39 145.23 6.25 6.12 4.90
9 10 25.62 173.60 106.53 -96.20 151.23 151.99 71.07 128.58 123.40 6.95 4.19 6.96
10 11 -66.58 104.67 -9.43 170.25 -145.24 114.15 81.18 119.99 140.56 5.88 4.60 5.35
11 12 107.68 -163.60 73.08 141.95 -149.36 115.00 102.46 96.24 140.74 6.53 6.04 4.79
12 13 173.12 -142.70 73.11 169.99 -164.26 94.10 101.55 89.93 150.59 5.67 5.97 4.59
13 14 169.42 -61.44 2.62 -169.20 -139.62 115.42 96.54 132.12 151.77 6.64 5.40 4.19
