NNNNNN,NNNNN
1 2 170.85 -116.66 66.96 -151.84 161.60 102.78 101.13 88.92 127.59 6.05 6.02 4.58
2 3 176.73 -179.13 113.39 -139.92 155.00 131.54 95.57 97.49 127.90 6.91 5.58 7.28
3 4 -135.61 93.52 104.71 122.84 -144.18 123.26 92.01 89.03 143.93 6.76 5.56 9.23
4 5 -154.24 -133.00 65.59 154.29 -150.71 90.47 106.57 87.19 147.68 5.47 6.16 4.53
5 6 164.86 -121.74 65.25 166.41 -163.77 100.93 102.15 92.21 150.33 5.90 5.97 4.27
7 8 167.56 -20.10 -65.81 172.98 171.02 100.25 103.88 86.07 139.46 5.98 6.09 4.80
8 9 54.35 160.12 150.74 -70.18 155.32 130.54 74.54 124.12 119.11 6.68 4.31 8.87
9 10 -27.21 60.41 70.55 142.57 -149.80 131.90 87.56 89.62 140.36 6.79 5.27 6.34
10 11 173.45 -132.50 64.37 171.62 -161.93 95.45 105.68 88.33 148.28 5.56 6.02 4.43
