NNNNNNNNNNINNNNIINNNN,NNNNN
1 2 173.72 -22.47 -68.49 174.77 161.78 96.74 104.16 81.98 141.15 5.84 6.12 4.59
2 3 56.82 146.90 31.08 80.96 -160.35 139.01 69.33 110.51 91.98 6.73 4.11 4.58
3 4 153.99 -111.36 58.33 176.10 154.72 123.69 119.90 136.21 127.92 6.77 6.47 7.75
4 5 172.71 83.14 78.33 156.98 -158.95 90.33 70.18 84.61 147.25 5.22 4.32 6.37
5 6 177.36 -110.40 61.54 170.91 -158.51 101.06 100.62 90.45 149.64 5.87 5.92 4.02
6 7 153.04 -6.12 -176.09 -173.07 166.19 105.68 103.30 76.59 139.43 6.25 6.05 8.80
7 8 -67.26 -67.78 -65.69 -165.86 -144.40 138.72 126.27 104.42 147.82 6.92 6.39 6.79
8 9 51.90 -146.81 70.40 144.48 -147.92 139.07 100.55 89.25 144.91 6.91 5.98 4.29
9 10 171.19 -108.85 60.39 158.71 -156.93 93.30 103.52 89.10 151.86 5.58 5.99 4.22
10 11 -168.41 67.04 113.10 -9.91 -161.44 81.71 94.88 124.96 93.48 9.61 10.45 15.87
11 12 -118.22 -63.39 -157.64 -170.05 162.40 112.22 113.21 81.76 138.49 6.32 6.34 9.16
12 13 -48.90 95.56 -106.79 -145.95 147.60 123.74 76.86 80.51 126.77 6.69 4.76 9.32
13 14 10.72 -42.89 64.00 -156.54 169.17 136.79 121.71 92.67 149.74 6.90 6.44 8.66
14 15 128.48 -137.15 174.78 155.27 -160.12 89.79 110.94 92.55 150.55 14.88 16.19 17.57
15 16 -84.78 129.13 -90.22 171.11 157.91 87.96 95.78 99.51 137.14 5.37 5.61 10.09
16 17 24.49 -63.95 -66.82 -144.42 151.78 103.81 139.50 78.48 132.43 5.76 6.95 6.46
17 18 56.68 -25.38 74.30 143.15 -151.40 149.10 118.08 90.61 149.91 6.88 6.17 9.49
19 20 172.24 -119.84 69.02 161.38 -164.67 89.64 106.92 95.20 149.09 5.43 6.19 5.11
20 21 170.37 -139.89 70.38 -166.24 160.18 94.69 104.78 94.98 136.79 5.73 6.17 4.95
21 22 -163.89 -51.34 -142.40 -172.77 -149.18 122.10 129.90 103.91 150.74 6.49 6.53 9.98
22 23 -27.45 -163.39 73.23 160.20 -160.55 133.93 102.60 95.19 150.36 7.01 6.08 4.82
