NNNN,NNNN
1 2 157.44 -147.03 66.59 149.83 -133.75 98.83 106.68 84.15 136.52 5.58 5.79 4.36
2 3 163.95 -142.62 72.18 -158.75 -179.33 115.95 118.72 87.19 149.08 6.06 6.07 5.01
3 4 163.06 -164.40 57.67 173.87 -156.86 96.61 101.21 92.91 141.41 5.66 6.03 4.68
5 6 164.81 -167.07 64.63 169.21 -162.99 117.11 121.47 78.42 144.90 5.88 5.91 5.06
6 7 159.11 -126.95 53.92 172.57 -135.88 89.12 100.72 114.70 144.16 5.22 5.48 4.18
7 8 -142.21 -131.56 -3.31 -174.54 -138.47 105.87 93.46 112.80 140.26 5.17 4.80 4.11
NNNIN,NNNN
1 2 160.98 -131.10 69.85 151.49 -144.56 102.53 104.14 94.79 150.61 5.99 6.11 4.44
2 3 166.88 125.56 65.79 -111.23 137.66 99.38 116.53 96.49 136.84 5.90 6.54 8.52
3 4 147.80 -58.10 44.89 134.32 -151.82 105.72 102.97 96.07 148.50 10.70 10.55 8.50
5 6 175.26 -145.35 78.57 164.05 -162.77 98.95 100.62 90.16 144.60 5.85 5.90 4.63
6 7 175.75 -132.83 69.35 165.23 -160.16 101.90 102.67 95.89 149.38 5.93 5.96 4.46
7 8 167.67 -140.83 66.77 165.94 -159.88 98.69 103.48 94.76 145.05 5.85 6.08 4.47
