NN,NNN
1 2 164.07 -141.21 75.37 147.27 -156.63 95.53 104.79 95.20 148.73 5.78 6.22 4.98
3 4 169.03 -157.26 70.05 159.31 -156.38 93.18 105.94 88.63 150.01 5.74 6.30 4.68
4 5 163.43 -159.53 75.89 -167.10 174.26 103.74 101.53 87.81 148.52 6.19 6.08 4.93
NIN,NNN
1 2 154.29 -107.87 65.02 135.96 -153.37 117.99 93.69 99.36 148.28 11.90 10.57 7.96
3 4 -175.47 -127.86 55.54 170.83 -145.62 95.22 105.96 112.47 140.97 5.78 6.23 4.86
4 5 176.04 -162.30 65.02 149.69 -154.82 122.64 107.97 93.29 149.88 6.73 6.26 4.81
NIIN,NNN
1 2 129.98 -115.23 41.49 139.52 -140.35 112.72 131.36 79.46 139.86 15.29 16.04 11.89
3 4 167.34 -153.87 77.41 144.97 -152.99 100.54 101.56 93.84 142.82 6.05 6.11 4.75
4 5 174.84 -140.29 66.82 140.61 -142.06 93.40 107.33 94.95 146.50 5.65 6.25 4.78
