NNNNINNNNNIN,NNIN
1 2 154.43 -134.69 79.61 151.73 -153.98 101.67 101.90 93.46 143.59 6.02 6.05 4.81
2 3 174.17 166.03 135.62 169.72 162.16 106.76 110.55 99.10 139.17 6.31 6.30 8.85
3 4 -107.21 53.73 42.45 -143.71 158.13 103.80 78.52 98.60 122.74 5.75 4.76 7.92
4 5 105.32 -116.67 -15.45 175.29 159.80 78.29 108.92 105.08 138.29 6.83 8.46 4.36
5 6 99.63 -61.72 -30.25 -164.93 164.15 99.85 124.90 135.56 141.31 5.69 6.57 8.04
6 7 114.44 92.21 42.99 129.40 -144.83 101.48 109.28 89.77 148.44 5.68 6.16 7.12
7 8 146.71 -115.15 57.72 -179.52 -168.48 92.89 104.22 90.64 151.59 5.60 6.06 4.26
8 9 153.53 -17.99 -68.50 174.88 167.77 101.04 103.30 83.88 142.09 6.03 6.11 4.69
9 10 -112.94 -4.78 130.17 123.64 -142.78 126.19 68.89 81.68 141.49 8.56 5.60 5.19
11 12 178.06 -121.69 69.52 -168.00 -180.00 94.24 101.50 90.23 151.73 5.65 5.94 4.45
12 13 150.65 -76.22 76.58 -162.67 144.53 147.37 77.29 107.74 128.33 12.55 9.02 7.95
