NNINNNNNNNNN,NNNINNNNNNNNNNNN
1 2 159.27 -146.18 66.87 -179.48 -174.68 93.21 101.89 89.56 153.99 5.65 6.02 4.51
2 3 -168.47 76.58 144.91 133.14 -138.31 100.53 121.16 86.81 138.39 10.30 11.41 15.81
3 4 -112.25 -114.41 62.56 161.90 -161.81 98.02 109.49 97.96 148.87 5.72 6.16 4.99
4 5 156.75 -22.23 -78.78 155.99 -170.58 94.14 95.32 94.57 147.31 5.73 5.80 5.15
5 6 79.01 140.12 -9.45 110.23 -141.67 137.28 101.13 93.45 98.43 6.34 5.05 5.20
6 7 -172.10 38.49 130.44 122.63 -128.50 146.07 64.01 127.02 133.75 6.55 3.77 8.34
7 8 -112.99 -143.67 67.28 159.45 -142.10 111.27 111.30 102.33 144.48 6.37 6.44 5.59
8 9 176.00 168.21 90.74 152.79 -155.73 130.94 100.01 90.72 151.37 7.10 5.96 5.94
9 10 -175.46 -155.11 78.97 -170.80 -176.84 92.46 100.71 92.26 155.10 5.61 6.01 5.01
10 11 174.03 -108.76 70.70 151.56 -155.77 91.50 101.06 93.82 147.29 5.56 5.98 4.57
12 13 166.54 -138.04 72.53 165.43 -166.41 98.17 101.77 95.85 149.89 5.84 6.02 4.61
13 14 167.23 -16.87 -67.28 -168.69 154.57 99.76 109.77 79.83 142.20 6.04 6.42 4.99
14 15 154.44 -37.20 68.93 -114.70 157.31 150.03 146.75 113.87 106.51 11.18 11.07 15.04
15 16 -176.48 -172.67 40.97 -77.97 154.26 99.63 99.66 110.42 143.19 5.77 5.58 4.54
16 17 174.45 84.24 -134.88 -168.10 161.14 141.86 110.89 84.84 138.28 7.10 6.42 10.47
17 18 -22.34 -65.24 -48.59 -165.51 148.81 131.88 141.60 86.43 140.68 6.85 7.10 6.49
18 19 74.03 -107.78 -41.82 -80.20 156.21 119.24 112.94 107.58 126.19 6.35 5.94 5.81
19 20 109.59 131.44 86.91 -119.46 148.56 149.94 86.35 82.10 117.78 7.34 5.33 4.81
20 21 -151.68 -114.89 -78.93 -162.91 -161.75 135.31 152.19 134.32 154.57 6.73 7.02 10.59
21 22 49.00 -42.16 -111.84 140.01 -150.45 116.96 103.98 95.60 141.79 6.58 6.16 7.86
22 23 -20.51 -158.47 84.38 147.93 -154.05 91.65 104.77 89.34 149.48 5.63 6.21 5.21
23 24 177.57 -126.71 61.60 171.19 -147.84 96.57 109.60 99.20 151.84 5.84 6.42 4.74
24 25 179.34 -111.86 50.64 -170.30 -152.85 110.26 97.89 99.44 145.68 6.10 5.44 4.31
25 26 158.96 -161.54 75.03 161.30 -157.58 135.92 103.67 90.37 152.12 7.04 6.14 4.78
