NNNN,NNNNNNN
1 2 168.76 -129.26 73.27 -179.41 -174.32 94.16 102.99 87.41 152.75 5.69 6.09 4.37
2 3 171.09 -13.92 -78.70 160.94 -171.36 102.01 90.32 88.85 136.14 6.09 5.17 4.44
3 4 80.87 145.63 116.23 150.34 -158.19 164.62 120.68 88.58 148.84 7.14 6.72 8.04
5 6 140.44 -127.32 67.50 127.23 -143.47 132.81 116.24 91.45 145.88 6.75 6.56 5.10
6 7 161.87 -146.98 81.26 137.86 -140.20 83.76 101.18 90.46 143.81 5.19 6.03 4.93
7 8 175.05 179.52 22.87 156.99 -169.92 108.53 105.03 140.87 138.63 6.38 6.24 8.34
8 9 127.52 155.35 69.30 170.38 -166.78 88.88 107.85 93.95 143.89 5.54 6.37 5.44
9 10 170.91 -157.93 60.71 178.63 -155.50 105.86 113.32 89.90 141.90 6.16 6.11 4.79
10 11 169.97 -109.51 53.66 160.34 -152.34 117.15 100.14 90.99 147.13 6.01 5.65 4.01
