NNNNNNN,NNNNNN
1 2 -176.85 -127.11 59.24 159.72 -153.44 88.81 97.78 87.38 150.14 5.48 5.89 3.53
2 3 156.08 -124.13 67.18 163.53 -159.02 105.07 98.45 89.21 150.17 6.20 5.92 4.02
3 4 164.03 115.00 78.25 174.39 -154.68 91.80 98.32 82.39 145.33 5.51 5.59 7.66
4 5 -178.71 -127.91 58.87 148.04 -151.97 108.61 114.42 89.64 153.88 5.91 6.31 4.89
5 6 158.03 -129.77 67.90 143.00 -149.36 97.82 103.29 101.17 151.67 5.83 6.11 4.85
6 7 164.15 -143.68 80.23 164.02 -160.34 90.67 97.33 101.06 141.59 5.57 5.86 4.89
8 9 165.27 -126.60 65.09 149.58 -145.22 88.32 103.53 83.07 143.01 5.25 5.84 4.21
9 10 160.85 -131.71 80.86 171.36 -160.24 96.95 101.59 86.77 148.75 5.65 5.89 4.67
10 11 174.51 119.02 91.62 138.74 -140.98 101.16 105.83 82.57 152.47 5.96 6.16 8.26
11 12 -177.52 -128.00 74.19 137.94 -140.44 93.11 101.35 83.07 148.89 5.65 6.07 4.14
12 13 170.57 -109.36 61.87 119.59 -140.19 96.82 115.69 87.93 148.76 5.80 6.52 4.85
