NNNNNNN,NNINNN
1 2 138.11 -148.50 70.70 142.32 -149.77 126.82 110.50 89.29 147.80 7.00 6.46 4.87
2 3 164.93 -144.06 73.12 144.09 -146.71 106.47 104.24 86.86 146.42 6.29 6.21 4.60
3 4 171.38 -140.77 83.34 147.99 -144.59 107.11 96.09 85.21 153.87 6.26 5.76 4.71
4 5 176.87 165.82 107.87 124.37 -143.11 133.55 83.53 89.61 142.18 7.15 5.21 6.84
5 6 -153.33 -148.39 79.18 129.40 -140.37 89.69 102.78 86.01 148.36 5.43 6.01 4.96
6 7 175.96 -114.67 58.87 139.23 -147.55 99.95 107.52 88.93 148.88 5.97 6.31 4.27
8 9 164.48 -125.74 53.55 169.38 -149.02 101.97 110.98 86.65 152.20 5.89 6.20 4.43
9 10 155.28 -88.75 14.18 160.75 -137.46 145.60 105.13 102.43 145.39 12.25 10.36 7.76
10 11 -117.81 134.87 48.33 170.76 -152.84 137.92 129.88 92.55 149.34 6.27 6.46 5.88
11 12 141.22 -121.32 77.86 -174.80 175.42 109.57 98.08 117.41 163.91 6.38 5.92 5.03
