NNNNN,NNNNNN
1 2 173.61 -126.17 66.92 163.28 -158.18 98.56 102.05 89.90 149.41 5.89 6.02 4.24
2 3 162.15 176.61 58.64 -167.26 -143.49 97.77 100.29 132.35 139.72 5.87 5.49 7.11
3 4 -144.46 155.85 67.95 157.78 -158.43 122.88 107.31 96.05 147.86 6.19 6.20 5.04
4 5 172.33 -116.58 55.28 177.60 -160.99 89.47 105.71 89.54 149.82 5.36 6.06 4.24
6 7 165.51 -21.77 -67.17 -171.14 159.94 102.77 96.66 86.02 144.98 6.02 5.78 4.50
7 8 37.03 164.83 135.27 -78.17 156.17 154.37 74.23 117.84 123.23 6.91 3.96 7.42
8 9 -20.98 27.46 61.03 138.68 -148.84 145.46 98.35 91.33 147.66 6.98 5.91 7.27
9 10 159.06 -140.50 75.01 142.71 -149.50 92.97 104.82 90.53 142.67 5.64 6.17 4.92
10 11 176.12 -115.80 60.48 154.41 -152.23 94.53 101.11 91.35 151.26 5.64 5.94 4.07
NNNNN,NNINNNN
1 2 169.84 -132.41 66.23 173.98 -167.91 104.06 103.79 91.50 152.63 6.12 6.13 4.39
2 3 162.11 159.38 60.55 -178.79 -147.18 90.43 102.05 106.18 136.89 5.50 5.80 6.90
3 4 174.73 -144.11 61.56 143.03 -141.06 121.72 104.26 88.91 143.73 6.40 5.96 4.11
4 5 155.36 -147.48 82.90 150.34 -156.00 101.53 104.25 90.21 148.20 6.01 6.15 5.16
6 7 164.78 -26.82 -63.86 -176.08 159.15 96.61 104.15 81.02 141.64 5.82 6.11 4.38
7 8 -18.03 -107.19 -167.20 -125.11 150.03 143.94 42.18 76.22 125.51 11.20 5.65 8.35
8 9 -90.53 158.33 65.47 139.99 -154.29 148.84 95.82 88.65 147.39 7.34 5.78 7.01
9 10 165.53 -142.72 70.89 147.01 -149.96 94.62 107.39 92.32 146.37 5.67 6.23 5.09
10 11 168.94 -119.98 65.09 154.25 -147.25 88.76 101.96 91.23 142.45 5.35 5.93 4.13
