NNNNN,NNNINNNINNN
1 2 -30.97 -120.73 52.20 172.78 -143.18 97.95 105.24 113.10 144.00 5.90 6.16 4.64
2 3 169.85 -173.49 69.05 154.95 -151.39 120.42 105.42 87.97 142.22 6.63 6.10 4.62
3 4 162.01 -136.97 74.69 153.81 -154.38 100.49 100.83 95.18 143.75 5.99 6.05 4.61
4 5 170.85 -139.63 67.77 145.79 -145.72 95.57 103.21 92.10 149.78 5.78 6.11 4.36
6 7 -168.45 -80.68 -58.10 77.53 -163.89 114.80 133.60 121.28 88.63 6.29 6.86 8.08
7 8 67.29 -174.98 116.77 -120.00 161.08 115.13 95.28 115.64 138.67 6.48 5.54 7.00
8 9 -12.67 39.40 73.58 -75.63 148.28 147.26 62.04 131.06 117.28 12.18 7.86 7.56
9 10 -122.50 -131.75 -108.83 128.07 -164.84 126.03 125.82 77.16 140.51 6.80 6.86 7.43
10 11 13.60 -26.47 -39.94 13.98 -167.24 141.67 127.17 142.59 90.52 6.83 6.26 9.69
11 12 178.66 -146.97 -86.47 77.03 -163.29 152.41 95.01 117.41 88.88 9.00 7.15 5.75
12 13 34.65 -127.32 132.40 -155.09 -167.47 111.38 90.63 132.01 142.25 6.22 5.35 7.30
13 14 -78.02 87.19 56.06 136.89 -144.15 101.94 119.86 89.44 142.75 5.77 6.43 8.02
