NNNNNNNNN,NNNNINNNNNN
1 2 171.82 -138.88 71.74 153.23 -153.42 94.30 101.97 93.02 145.62 5.73 6.08 4.35
2 3 167.37 -133.29 70.99 165.58 -159.96 96.25 102.59 92.89 150.39 5.79 6.06 4.46
3 4 173.26 -179.95 48.37 -170.34 -144.75 92.69 107.41 107.67 144.19 5.51 5.90 6.20
4 5 173.72 -167.37 71.74 152.31 -153.45 134.94 100.28 90.60 144.68 6.83 5.88 4.45
5 6 166.43 -137.01 73.75 152.43 -156.57 98.01 104.59 91.12 148.40 5.88 6.15 4.67
6 7 168.28 -131.29 71.77 159.78 -161.02 93.10 101.44 91.34 151.01 5.64 6.03 4.35
7 8 165.68 -142.87 74.51 158.70 -162.76 102.45 104.27 89.96 150.11 6.10 6.15 4.65
8 9 168.23 -133.72 71.31 167.16 -161.21 95.33 101.79 94.08 150.77 5.71 6.03 4.40
10 11 174.88 -157.86 82.72 -152.90 156.09 98.12 99.95 79.70 128.67 5.89 5.96 4.93
11 12 -173.73 -103.94 -36.95 -173.14 169.66 129.84 132.54 77.07 138.93 6.96 6.94 5.64
12 13 72.98 -45.10 -87.67 -6.10 -163.58 128.13 115.36 127.05 92.18 6.69 6.38 8.21
13 14 138.92 73.34 49.60 149.43 -158.00 79.86 51.36 90.54 141.74 6.54 4.67 4.12
14 15 148.67 -128.33 72.24 -174.02 166.37 94.04 105.82 83.46 133.89 5.61 6.14 4.57
15 16 167.33 -134.73 -13.72 164.48 163.43 123.74 127.05 82.71 137.04 6.88 6.87 5.53
16 17 99.29 -160.92 99.26 127.90 -139.13 110.16 96.75 82.88 139.25 5.98 5.49 6.31
17 18 -158.88 -101.41 54.93 148.14 -154.22 100.11 109.18 92.48 154.55 5.77 6.21 4.58
18 19 151.07 -141.23 72.52 155.92 -157.19 90.73 104.19 94.51 150.81 5.54 6.16 4.84
