NNNIN,NNNNIN
1 2 162.29 -155.65 73.85 -169.39 -176.11 107.81 107.09 93.32 152.02 6.16 6.12 5.09
2 3 167.65 -135.57 65.58 147.41 -153.40 97.27 111.47 94.30 147.37 5.85 6.46 4.79
3 4 -171.49 -92.99 34.35 159.72 -155.60 106.55 109.45 91.48 149.94 11.01 11.17 10.13
5 6 171.38 -155.41 71.95 166.18 -161.95 101.51 107.89 91.61 147.69 6.06 6.32 5.15
6 7 171.38 -151.30 59.35 -159.53 -177.29 92.92 114.30 92.56 153.02 5.59 6.47 5.20
7 8 156.66 -159.64 92.54 -144.40 154.31 98.60 122.45 104.14 137.98 5.83 6.63 7.25
8 9 155.68 -84.23 39.31 133.78 -144.26 146.14 100.81 92.81 136.92 10.15 8.48 4.05
NNINN,NNNNN
1 2 171.00 -127.43 70.16 175.11 -164.71 97.17 101.72 90.38 152.05 5.73 5.98 4.24
2 3 172.68 -150.17 53.95 143.05 -159.30 124.88 94.84 103.86 138.69 12.10 10.48 8.90
3 4 150.50 -126.94 59.05 164.89 -164.28 84.56 103.56 90.94 146.57 5.19 6.08 4.02
5 6 173.23 -103.14 51.87 -169.98 -153.80 93.48 99.11 120.44 148.00 5.60 5.76 4.49
6 7 -175.70 129.29 76.67 146.83 -152.21 123.58 116.67 93.03 144.60 6.76 6.62 7.01
7 8 173.19 -125.56 66.29 160.58 -154.74 87.58 103.52 96.94 141.43 5.35 6.08 4.47
8 9 164.16 -132.51 68.49 156.35 -158.92 103.39 102.03 89.24 145.62 6.13 6.06 4.22
