NNNNN,NN
1 2 172.47 -148.29 77.29 -174.98 167.88 100.70 103.31 87.98 139.15 5.98 6.11 4.91
2 3 -165.14 91.66 53.23 125.82 -149.35 126.55 98.03 99.64 140.30 6.75 5.67 8.77
3 4 150.16 -138.36 70.44 145.66 -151.83 82.22 105.96 96.53 149.79 5.10 6.23 4.94
4 5 174.18 -122.65 58.35 146.54 -148.26 85.51 111.23 91.79 150.75 5.17 6.28 4.77
6 7 178.52 -85.35 59.09 171.65 -145.83 96.07 97.76 98.13 141.57 5.80 5.74 4.83
NNNNN,NIN
1 2 170.62 -143.87 74.64 -162.06 161.74 103.56 106.77 100.02 137.76 6.07 6.25 5.31
2 3 -170.75 154.45 2.72 164.68 -145.45 111.22 95.32 114.52 144.60 6.32 5.62 7.10
3 4 125.54 -148.33 51.51 152.58 -151.37 117.22 105.69 92.53 145.69 6.46 6.04 4.16
4 5 149.43 -129.45 66.71 159.64 -162.45 95.84 107.57 95.17 150.53 5.77 6.29 4.80
6 7 138.22 -93.55 37.60 114.25 -137.67 115.23 94.64 93.63 142.04 10.56 9.38 4.81
