NN,NNNNNNNNNNINN
1 2 167.77 -25.47 74.39 160.37 -162.01 130.08 146.17 93.63 148.53 6.79 7.18 9.61
3 4 170.99 -139.90 71.08 -169.48 167.54 100.81 110.38 89.33 131.00 5.93 6.36 5.00
4 5 -155.16 131.53 11.19 -152.41 -157.51 125.73 106.28 137.48 151.86 6.43 5.60 9.34
5 6 143.08 157.88 76.53 165.36 -167.53 117.85 103.28 102.16 149.02 6.51 6.10 5.13
6 7 169.23 -147.99 59.34 166.52 -145.10 90.78 110.47 105.50 145.49 5.58 6.37 4.95
7 8 170.93 -163.93 65.03 160.12 -154.66 112.49 111.59 93.24 150.15 6.18 6.22 5.12
8 9 158.47 -154.16 80.69 164.53 -161.57 94.75 102.28 93.13 148.74 5.72 6.08 5.08
9 10 178.15 -145.20 64.89 150.59 -145.96 92.74 105.58 90.54 149.05 5.64 6.20 4.54
10 11 155.39 -144.22 81.65 164.19 -168.86 104.40 108.00 95.86 153.02 6.22 6.35 5.34
11 12 175.66 -101.12 8.28 -168.46 -139.51 100.02 118.28 123.95 140.20 6.02 6.31 4.91
12 13 -103.46 23.04 64.06 116.21 -138.92 115.83 46.82 72.15 135.82 9.09 5.33 4.84
13 14 161.92 -125.96 84.53 154.88 179.83 93.11 110.93 84.73 146.21 5.35 6.36 5.55
