NNNNNN,NNNNNN
1 2 175.43 -142.33 67.63 -176.09 -169.60 93.48 102.93 93.42 147.93 5.65 6.04 4.56
2 3 165.09 -163.13 73.84 -164.67 -178.86 102.84 102.63 88.80 149.27 6.07 6.04 4.94
3 4 169.87 -142.70 68.80 -178.51 -170.17 105.25 101.71 91.09 149.04 6.17 6.06 4.43
4 5 166.33 -148.17 67.63 170.90 -161.56 103.72 102.76 95.15 150.39 6.14 6.09 4.71
5 6 161.17 -138.09 69.66 -177.00 -174.59 108.17 108.03 93.96 151.62 6.37 6.32 4.65
7 8 178.66 -158.02 68.48 -171.58 -169.71 90.36 101.99 88.45 149.80 5.51 5.99 4.71
8 9 160.44 -153.77 74.45 165.87 -160.71 109.83 103.30 96.47 148.59 6.36 6.16 5.13
9 10 168.69 -142.72 72.30 161.31 -155.00 93.11 102.53 92.25 147.38 5.68 6.09 4.47
10 11 167.04 -148.07 75.40 171.91 -169.29 99.71 103.79 96.61 149.98 5.99 6.17 5.06
11 12 172.83 -143.09 69.97 156.75 -155.77 91.69 102.56 93.41 150.32 5.59 6.09 4.57
NNNNNIN,NNNNNN
1 2 162.27 -134.51 76.95 147.35 -154.79 91.55 103.62 100.13 148.69 5.58 6.11 5.21
2 3 173.90 -148.94 67.21 159.22 -152.43 92.59 99.69 88.52 141.43 5.63 5.94 4.04
3 4 160.91 -112.16 59.17 -167.85 -161.06 107.02 115.04 94.85 151.18 6.26 6.52 4.81
4 5 177.69 -35.77 -55.97 159.57 169.41 110.24 97.07 97.71 144.11 5.96 5.47 4.88
5 6 175.87 17.92 41.76 137.76 -143.68 148.98 48.97 89.90 144.83 10.80 5.58 4.50
7 8 162.66 110.44 92.16 142.60 -157.61 102.78 105.03 91.75 147.44 5.76 5.75 8.09
8 9 -172.48 -149.73 59.68 161.74 -145.02 94.83 111.09 87.35 137.73 5.70 6.23 4.38
9 10 174.77 -116.63 30.24 147.60 -138.42 118.44 118.10 90.37 133.83 6.05 5.93 4.20
10 11 139.51 -123.13 66.46 136.31 -178.02 125.48 114.00 87.65 144.27 6.30 6.13 5.15
11 12 164.02 -111.90 31.03 179.37 -149.12 101.01 121.33 115.71 151.45 5.87 6.80 5.66
