NNNNINNNNNIN,NNNN
1 2 166.41 -139.79 83.76 143.98 -151.37 97.43 99.27 92.19 140.88 5.93 5.98 4.69
2 3 -176.35 169.77 126.42 168.06 170.33 103.79 113.36 100.10 140.31 6.10 6.47 8.88
3 4 -112.19 52.57 39.53 -144.10 158.30 98.21 78.74 101.18 122.37 5.69 4.78 7.86
4 5 103.28 -112.54 -22.38 -11.78 -162.11 80.30 105.37 104.16 102.98 7.19 8.67 4.46
5 6 99.84 -52.24 -50.74 -167.85 172.06 108.16 118.03 131.23 146.35 6.18 6.40 8.17
6 7 112.56 88.11 40.90 130.48 -147.27 108.39 101.95 100.72 146.58 5.89 5.76 6.97
7 8 147.43 -128.95 58.50 -172.75 178.53 86.31 105.01 91.49 149.04 5.28 6.12 4.52
8 9 157.47 -23.11 -64.09 151.92 -177.43 97.25 105.86 83.56 147.52 5.86 6.19 4.65
9 10 -103.19 -6.08 136.07 137.86 -153.72 135.96 69.27 80.37 144.93 8.83 5.62 5.41
11 12 172.08 -127.27 74.72 -143.16 147.06 102.54 105.94 84.00 134.70 6.02 6.22 5.00
12 13 -168.84 -158.90 -17.52 80.84 -129.98 123.76 118.44 83.22 126.04 6.70 6.42 6.19
13 14 69.79 -146.02 -172.00 -124.36 139.09 83.44 123.30 76.65 130.00 5.17 6.89 8.94
