NNNNNN,NNN
1 2 171.40 -155.98 65.41 174.33 -168.87 123.69 102.72 94.65 141.38 6.80 6.04 4.52
2 3 170.43 -124.09 65.21 -156.32 156.04 100.79 102.80 81.01 133.89 5.94 6.03 4.33
3 4 -165.68 130.11 0.40 174.73 -140.73 139.93 111.92 143.29 147.79 6.72 5.59 9.79
4 5 132.64 156.95 79.68 139.21 -146.26 112.21 103.57 90.82 144.33 6.12 6.11 4.89
5 6 179.55 -112.14 62.22 147.27 -152.67 92.20 101.35 90.26 151.80 5.56 5.97 4.17
7 8 167.97 -156.20 63.79 155.27 -158.28 120.13 102.61 89.58 144.93 6.69 6.08 4.16
8 9 164.64 -107.52 63.40 138.86 -152.66 90.74 115.94 87.90 155.09 5.46 6.46 5.15
NNINNNN,NNN
1 2 167.40 -155.72 71.26 177.33 -170.51 101.81 102.11 104.45 142.56 6.13 6.14 5.06
2 3 142.36 -94.67 62.61 159.44 163.14 125.91 67.13 100.18 141.40 10.49 7.12 4.28
3 4 169.55 51.84 72.14 115.67 -135.28 99.74 93.73 86.92 141.22 5.72 5.59 9.15
4 5 167.33 -139.53 82.23 136.05 -144.73 83.75 106.43 87.53 142.28 5.18 6.23 5.16
5 6 -178.69 -113.93 64.23 146.95 -151.79 92.08 100.56 87.44 151.33 5.56 5.96 4.07
7 8 168.63 -155.79 64.42 162.38 -162.97 122.70 101.64 86.51 149.47 6.81 6.03 4.14
8 9 170.25 -104.41 56.80 141.27 -152.18 94.90 114.92 91.61 152.32 5.61 6.42 5.19
