NNNNNN,NNNNNN
1 2 178.27 -128.11 67.17 153.94 -148.46 98.59 102.56 89.76 149.60 5.88 6.02 4.15
2 3 160.76 -162.21 62.63 -166.58 -156.01 90.54 135.70 119.36 146.62 5.50 7.21 8.10
3 4 -174.60 -162.61 64.31 154.25 -156.92 121.98 103.30 87.74 151.12 6.82 6.11 4.20
4 5 165.47 -119.31 59.50 155.08 -151.14 90.01 104.94 91.19 150.16 5.44 6.10 4.26
5 6 157.61 -133.42 68.33 156.09 -149.06 94.72 100.93 89.63 151.01 5.67 5.92 4.19
7 8 -126.91 -120.77 68.34 158.19 -154.68 85.22 104.68 89.26 151.75 5.10 6.07 4.45
8 9 176.22 -106.57 59.82 177.30 -171.77 94.10 102.18 89.10 152.01 5.50 5.81 4.41
9 10 164.41 157.48 71.96 158.41 -160.63 104.00 112.10 93.09 151.52 6.06 6.42 7.47
10 11 166.19 -133.02 68.56 168.37 -158.04 87.94 103.87 93.64 149.57 5.39 6.12 4.41
11 12 168.05 -115.99 68.12 151.98 -146.91 94.51 99.06 89.56 148.11 5.63 5.82 4.24
