NNNNNNNNNN,NNN
1 2 169.18 118.62 -179.85 146.04 -159.99 93.25 103.20 97.92 150.30 5.64 6.04 10.91
2 3 -84.11 -127.91 52.68 161.81 -147.07 88.92 112.44 87.78 143.26 5.51 6.45 4.14
3 4 156.85 -122.79 60.35 167.93 -163.42 111.44 106.99 91.92 148.59 6.21 6.15 4.57
4 5 161.07 -127.36 61.25 174.65 -165.52 96.62 105.48 91.30 149.13 5.79 6.18 4.37
5 6 161.35 -102.92 -81.05 177.36 -164.39 96.31 125.89 87.83 152.61 5.79 6.86 7.36
6 7 15.24 -112.62 52.13 172.40 -155.75 108.85 115.88 91.49 146.85 6.34 6.56 4.55
7 8 162.49 -126.55 74.31 -8.60 -159.04 110.54 123.54 122.37 96.50 6.11 6.64 7.77
8 9 -153.70 -92.93 -158.30 135.62 -145.35 96.73 120.82 92.95 145.49 5.55 6.48 10.10
9 10 -59.95 -122.58 64.94 155.41 -157.53 86.15 106.27 91.91 146.16 5.30 6.22 4.54
11 12 170.30 -126.33 64.11 -179.82 -163.56 99.07 101.88 91.41 152.70 5.91 6.03 4.18
12 13 160.07 -174.97 80.29 158.97 -163.41 110.79 108.15 101.08 152.02 6.48 6.39 6.55
