NNN,NN
1 2 169.33 -151.18 68.06 157.28 -153.09 94.93 103.99 90.62 152.40 5.78 6.19 4.66
2 3 165.72 -147.89 67.23 178.68 -162.20 91.78 101.97 84.30 150.59 5.58 5.93 4.18
4 5 173.63 -140.42 84.70 129.82 -152.41 104.60 103.93 93.98 146.92 6.12 6.00 5.12
NIINN,NN
1 2 164.81 -119.97 23.98 131.45 -146.63 153.60 119.13 112.32 148.97 13.04 11.80 9.98
2 3 116.47 -160.92 74.37 171.77 -156.71 80.77 102.47 91.91 146.15 5.10 6.16 4.78
4 5 174.50 -110.07 71.87 171.70 -157.32 95.06 94.94 92.19 150.21 5.69 5.64 4.47
NINN,NN
1 2 177.62 168.36 38.14 144.59 -148.65 114.47 96.00 100.68 140.78 11.41 10.39 9.00
2 3 134.07 -143.80 72.34 134.58 -147.20 96.00 109.26 93.27 142.51 5.83 6.39 4.99
4 5 171.72 -97.39 45.18 170.99 -138.75 84.30 98.80 110.09 142.53 5.16 5.74 4.18
NINN,NIIN
1 2 171.59 -175.18 26.09 138.64 -139.20 126.02 120.33 90.96 145.85 11.98 11.71 9.86
2 3 126.33 -124.32 68.02 146.29 -149.41 93.66 101.83 99.85 147.66 5.64 6.02 4.75
4 5 162.55 -46.88 -2.60 -173.79 -149.89 119.67 65.28 143.20 141.95 13.00 9.81 5.00
