NNNN,NNNIINNNN
1 2 178.06 -128.56 68.61 162.28 -160.05 92.51 98.54 90.23 148.15 5.61 5.87 4.10
2 3 165.96 161.51 78.07 157.67 -148.20 103.07 106.62 88.00 151.77 6.09 6.25 6.73
3 4 175.13 -115.50 70.57 151.02 -148.73 94.26 98.54 90.61 141.15 5.65 5.82 4.21
5 6 173.97 -144.81 76.13 175.94 -173.79 97.68 100.70 92.02 148.97 5.90 6.02 4.56
6 7 177.03 47.97 67.62 -73.48 125.59 91.73 86.52 79.25 113.07 5.52 5.24 8.19
7 8 102.63 24.56 -151.69 -178.86 146.54 68.01 114.27 93.34 129.23 10.49 13.29 13.60
8 9 -48.35 -153.53 -154.89 166.46 -167.78 97.80 122.85 86.99 148.99 5.75 6.80 10.19
9 10 -57.14 33.85 112.62 4.87 -165.96 105.84 75.05 135.13 93.81 6.19 4.69 10.31
10 11 -115.87 30.74 142.44 126.20 -147.40 99.39 75.60 134.97 142.46 5.81 4.74 11.27
