NNNNNNN,NNNIIN
1 2 166.07 148.66 98.51 -173.07 -176.25 92.56 116.52 88.53 152.79 5.57 6.58 8.07
2 3 -166.02 -129.53 -99.27 132.54 -143.04 109.58 121.01 85.18 135.49 6.41 6.78 8.51
3 4 3.52 -148.17 68.40 165.09 -160.69 115.01 122.58 98.67 149.71 6.53 6.83 6.56
4 5 162.16 -39.43 -76.24 121.65 -143.94 104.36 131.46 81.32 129.42 6.21 6.91 5.63
5 6 19.15 -102.96 89.11 172.11 -167.44 120.34 108.55 90.57 150.88 6.50 6.30 6.10
6 7 -153.24 -64.94 52.65 106.83 -139.22 93.62 128.40 95.27 140.07 5.36 6.60 7.51
8 9 175.54 -136.37 95.16 166.70 -178.21 100.02 113.97 108.95 141.33 5.93 6.47 7.06
9 10 -136.53 62.86 36.53 -35.15 123.62 91.64 87.91 107.30 110.05 5.27 5.06 8.33
10 11 -35.36 26.41 34.71 93.59 -138.93 143.58 71.89 103.73 144.36 14.10 10.28 6.05
