NNNNNNN,NNNNNNN
1 2 168.26 -131.39 67.47 169.63 -161.52 95.71 104.24 90.75 149.93 5.78 6.15 4.34
2 3 169.16 157.59 85.61 -167.46 -178.22 82.11 117.99 92.37 147.60 4.98 6.44 7.76
3 4 -178.43 -149.29 70.41 -173.59 -173.59 103.53 101.16 90.09 152.32 6.11 6.04 4.45
4 5 163.69 -146.09 75.11 160.66 -160.88 96.83 105.51 92.57 151.10 5.85 6.23 4.94
5 6 173.60 -133.49 66.55 167.59 -158.04 91.01 103.11 88.85 151.10 5.53 6.05 4.28
6 7 161.23 -126.31 71.18 153.00 -156.01 95.17 106.28 97.46 152.73 5.73 6.25 4.87
8 9 177.49 -152.00 70.95 159.40 -156.52 98.89 101.28 89.78 150.30 5.97 6.05 4.52
9 10 168.11 -135.39 75.43 177.82 -172.62 93.90 100.94 93.57 152.57 5.66 5.96 4.68
10 11 172.82 -117.87 55.77 179.57 -160.42 97.86 111.23 89.51 147.22 5.89 6.28 4.25
11 12 158.36 151.19 91.96 156.52 -167.80 136.76 105.77 100.22 148.53 7.07 6.21 7.91
12 13 -171.75 -148.60 66.90 178.62 -166.03 79.53 102.15 88.94 152.21 4.95 6.05 4.33
13 14 162.26 -118.63 67.86 152.41 -149.50 95.65 102.09 90.58 144.74 5.75 6.05 4.23
