NNIN,NNNNN
1 2 165.58 -161.12 83.21 -173.77 -173.69 90.02 98.53 88.67 151.26 5.54 5.89 4.86
2 3 145.90 -102.60 41.64 112.00 -139.31 130.29 83.19 97.22 146.24 12.30 9.78 5.53
4 5 -153.58 153.46 31.64 140.50 -143.04 133.54 123.45 83.92 145.74 6.82 6.48 6.78
5 6 133.21 -135.64 67.22 153.98 -151.11 92.92 105.29 82.48 146.64 5.46 5.96 4.35
6 7 157.31 -125.76 57.61 158.28 -144.65 107.49 117.62 95.33 134.96 6.23 6.68 4.92
7 8 160.68 -130.86 63.77 150.80 -153.84 114.20 102.11 98.10 145.56 6.39 5.96 4.37
NINN,NNNNN
1 2 153.85 -159.28 35.74 106.50 -135.35 125.87 79.82 86.52 136.81 11.49 8.94 5.43
2 3 137.64 -105.99 61.45 147.16 -162.68 89.23 109.98 92.11 153.72 5.41 6.28 4.87
4 5 -163.60 -167.48 11.27 175.87 -150.80 141.92 119.72 116.36 143.89 7.00 6.43 6.97
5 6 133.21 -167.57 64.37 165.12 -166.05 118.82 103.61 90.28 149.70 6.66 6.07 4.40
6 7 157.40 -124.73 52.92 17.51 158.43 92.15 109.10 113.21 90.57 5.64 6.35 4.93
7 8 166.69 -143.87 66.89 162.34 -165.36 115.42 103.00 90.25 150.28 6.42 6.00 4.42
NNN,NNNNN
1 2 174.69 177.12 75.47 157.32 -153.28 133.91 103.24 89.32 147.66 7.10 6.18 5.05
2 3 178.94 -96.74 49.11 -172.06 -177.08 102.59 100.68 97.64 149.97 6.06 5.98 4.23
4 5 172.68 161.22 65.95 -157.72 173.91 109.12 111.33 95.80 149.48 6.40 6.50 6.93
5 6 168.43 -135.57 46.59 156.46 -143.27 87.49 100.41 144.03 135.48 5.35 5.83 6.08
6 7 168.20 -155.42 55.49 168.42 -171.80 97.08 101.77 107.47 148.88 5.66 5.98 4.77
7 8 160.07 -130.76 76.39 175.91 -161.36 80.95 99.43 93.22 150.14 5.01 5.82 5.11
