NNN,NNN
1 2 172.85 -150.93 72.53 159.15 -159.32 87.70 106.63 93.11 153.19 5.37 6.20 5.11
2 3 170.55 -133.68 71.61 148.59 -153.55 88.38 102.71 91.65 146.19 5.38 5.99 4.53
4 5 170.62 -143.03 69.54 161.29 -158.41 106.60 102.09 92.69 145.92 6.28 6.05 4.35
5 6 166.97 -138.61 75.65 -179.16 -175.50 92.62 103.11 95.82 151.45 5.57 6.07 4.93
NNN,NINN
1 2 174.31 -170.33 74.51 -155.27 169.25 95.65 104.91 87.85 151.40 5.77 6.16 5.20
2 3 174.90 -134.40 60.02 -157.51 176.12 97.61 103.86 95.75 148.26 5.84 6.08 4.44
4 5 104.28 -170.74 54.45 160.08 -152.00 153.20 57.03 88.93 147.08 12.02 7.07 3.81
5 6 152.57 -136.41 69.18 165.38 -161.81 108.52 103.69 91.62 154.80 6.28 6.13 4.59
NIIIINN,NNN
1 2 -118.53 -172.76 -9.45 177.68 -151.50 150.61 82.11 132.20 145.52 12.81 9.79 6.97
2 3 115.05 167.32 69.49 141.62 -154.31 110.44 103.94 101.38 147.06 6.38 6.15 5.14
4 5 163.83 -143.28 77.53 135.16 -145.91 95.02 99.78 90.79 142.90 5.66 5.92 4.71
5 6 175.09 -146.67 76.91 142.60 -146.38 92.94 101.63 90.09 149.74 5.61 6.00 4.83
