NNNNN,NINN
1 2 160.93 -147.47 65.81 153.19 -178.86 123.00 113.16 87.53 153.29 6.69 6.43 5.05
2 3 -161.49 134.17 18.67 147.05 -150.10 112.35 108.69 97.51 147.75 5.97 5.88 7.61
3 4 112.71 -135.37 72.23 171.79 -164.86 90.81 103.37 93.47 154.67 5.58 6.14 4.54
4 5 172.91 -134.12 63.61 146.30 -149.73 95.51 106.78 97.88 149.69 5.75 6.20 4.83
6 7 171.14 -125.62 -29.61 159.08 163.09 155.62 95.31 104.32 137.70 10.33 8.06 5.54
7 8 76.07 -128.62 94.30 169.84 -170.28 100.40 127.08 99.08 154.12 5.74 6.89 7.69
NNNNN,NNN
1 2 176.67 -146.53 67.24 0.10 -163.77 98.83 107.36 94.58 96.74 5.83 6.25 5.10
2 3 -171.34 157.63 -6.27 154.38 -139.24 113.71 100.86 109.90 138.16 6.32 5.76 7.39
3 4 114.44 -150.59 57.26 152.20 -152.47 119.46 107.12 89.81 143.05 6.53 6.13 4.40
4 5 151.94 -133.36 73.07 146.88 -157.21 95.96 110.38 94.19 146.24 5.79 6.44 5.13
6 7 162.53 -171.70 -36.53 10.12 -162.93 98.13 112.07 127.88 87.93 5.89 6.48 8.55
7 8 112.36 -70.97 50.49 134.42 -148.67 108.61 126.17 95.54 146.96 5.99 6.53 9.13
