NNNN,NN
1 2 178.36 -133.98 67.55 -156.04 169.97 90.13 107.84 83.01 134.89 5.49 6.17 4.42
2 3 -171.02 149.49 30.88 165.80 -159.27 124.35 106.65 88.78 148.08 6.51 6.01 6.75
3 4 125.78 -139.05 69.59 150.15 -145.95 95.89 101.39 93.11 147.60 5.76 6.00 4.40
5 6 177.99 -114.54 63.82 161.16 -159.67 90.68 105.07 94.44 148.50 5.52 6.15 4.46
NNINN,NN
1 2 164.65 -172.21 93.61 -168.69 163.82 92.01 97.32 96.66 140.25 5.62 5.88 5.94
2 3 -34.06 58.12 30.59 131.81 -146.85 171.21 124.97 90.56 142.36 10.88 9.78 7.91
3 4 129.90 -134.49 66.15 156.11 -157.80 90.85 109.14 93.12 151.65 5.51 6.29 4.88
5 6 106.96 -131.71 57.91 177.49 -160.89 95.36 98.72 90.60 153.89 5.77 5.97 4.39
NNINN,NIIN
1 2 173.64 -144.81 76.48 -165.38 162.70 100.22 102.78 89.11 138.08 5.93 6.06 4.82
2 3 175.40 -164.78 24.21 148.91 -152.86 162.23 110.45 97.56 148.16 11.89 10.14 8.11
3 4 124.28 -137.31 69.77 157.43 -166.60 90.15 109.87 94.66 153.03 5.41 6.25 5.07
5 6 106.55 -2.56 0.94 -166.08 -158.80 140.33 64.16 136.92 151.02 14.00 9.79 4.77
NNINN,NIN
1 2 167.46 -175.15 77.98 -167.88 158.48 115.19 108.54 89.13 140.07 6.42 6.18 5.35
2 3 165.45 -160.80 22.74 159.69 -155.81 155.59 111.40 92.71 146.52 12.11 10.55 8.35
3 4 119.14 -135.87 70.37 159.32 -162.77 94.72 106.90 91.94 147.24 5.72 6.23 4.72
5 6 135.44 -90.34 31.65 115.34 -135.64 116.53 93.87 89.24 146.96 11.01 9.76 5.02
NNIINN,NIIN
1 2 -174.91 -123.88 47.12 -138.88 169.58 97.91 119.17 95.14 141.80 5.85 6.69 4.88
2 3 -68.35 75.51 6.18 134.76 -143.06 143.58 139.97 88.33 144.17 10.78 10.72 9.34
3 4 100.38 -125.57 75.76 159.65 -160.25 90.69 106.31 94.22 153.95 5.48 6.21 4.91
5 6 95.81 -2.36 -1.96 -168.27 -153.83 151.15 59.64 149.66 154.08 13.87 9.05 4.82
