NNNN,NNNNNNNNNNNNNN
1 2 177.43 -123.77 62.53 168.78 -158.51 92.23 105.88 92.57 148.48 5.59 6.18 4.34
2 3 170.23 158.82 84.52 -143.14 149.94 92.04 100.04 75.91 128.11 5.46 5.62 6.17
3 4 -153.65 170.86 101.42 -175.05 -142.68 148.70 67.46 103.82 140.92 6.69 3.81 5.30
5 6 169.26 -149.80 78.94 155.77 -152.20 90.06 102.01 92.86 142.02 5.50 6.05 4.81
6 7 171.04 -147.58 80.89 159.29 -157.82 99.58 102.73 92.01 152.17 5.98 6.13 4.91
7 8 -173.07 -105.95 64.78 129.69 -143.70 90.58 110.75 88.99 148.39 5.39 6.23 5.24
8 9 164.52 -124.41 67.66 156.47 -160.08 90.33 102.80 91.21 151.89 5.49 6.06 4.48
9 10 166.10 -134.48 69.75 -170.17 178.24 93.77 102.66 91.95 152.77 5.68 6.08 4.55
10 11 168.16 -135.82 65.82 -171.04 179.34 90.30 105.79 94.15 149.93 5.51 6.19 4.66
11 12 163.30 -135.21 67.15 -167.37 -172.19 90.42 99.27 93.23 148.37 5.53 5.94 4.17
12 13 162.67 -125.66 -64.19 145.01 -155.81 96.32 123.07 88.96 147.63 5.80 6.85 7.07
13 14 36.17 -133.81 71.46 -173.78 176.62 95.99 102.17 88.59 152.32 5.77 6.02 4.58
14 15 172.43 -125.73 94.03 -138.67 152.74 97.84 114.19 98.27 116.31 5.84 6.46 6.82
15 16 -159.59 -163.72 54.52 -136.74 171.47 112.59 97.73 105.94 140.68 6.35 5.41 4.20
16 17 -94.14 -125.07 63.12 155.94 -155.43 135.24 102.39 89.79 145.93 6.25 5.70 8.56
17 18 165.02 -109.54 62.06 171.66 -166.67 94.26 98.87 88.22 153.99 5.59 5.78 4.03
NNNIN,NNNNNNNNNNNNINN
1 2 179.00 -84.05 60.69 -112.15 154.95 93.75 96.15 102.41 132.62 5.65 5.75 5.44
2 3 -172.68 171.58 59.64 -35.16 149.74 102.14 136.87 110.84 107.43 5.84 6.51 8.53
3 4 -61.30 77.92 77.67 -160.39 -164.68 110.21 115.66 108.00 151.07 9.34 9.91 10.55
5 6 146.28 -77.73 51.39 -159.84 -163.80 124.43 101.38 116.45 151.97 6.95 6.09 5.72
6 7 174.01 177.05 55.48 176.71 161.48 121.79 151.85 92.03 132.43 6.83 7.23 6.96
7 8 159.20 -156.74 70.85 141.69 -157.60 104.63 117.56 106.15 148.77 5.92 6.74 6.80
8 9 168.07 -72.25 45.09 58.22 -170.97 83.31 86.77 138.98 100.60 5.26 5.11 5.42
9 10 -119.48 -52.55 -54.30 -155.76 -166.73 101.67 92.45 108.30 151.53 5.49 5.38 8.29
10 11 69.72 -156.88 72.57 -135.72 -176.50 133.33 105.32 105.64 153.93 7.16 6.13 5.35
11 12 -163.52 -81.70 28.02 -146.97 -173.71 136.09 98.41 100.17 152.80 7.13 5.88 5.13
12 13 147.14 -80.81 -148.12 119.11 -142.05 130.16 107.11 77.77 140.49 7.00 6.27 8.32
13 14 -46.15 -84.62 35.70 177.82 -154.44 105.74 114.47 91.04 150.60 6.23 6.56 4.55
14 15 134.36 128.38 -165.15 -97.17 153.71 119.28 154.33 68.47 114.30 6.71 7.16 8.25
15 16 -82.57 -128.54 65.91 -121.53 162.48 140.99 88.70 109.63 137.61 6.93 5.14 4.19
16 17 159.16 59.25 -29.67 171.46 -157.29 157.34 70.64 139.14 148.75 10.96 7.36 9.07
17 18 86.81 -178.51 71.33 177.36 -164.28 97.18 105.60 94.43 151.57 5.84 6.26 5.10
