NNNNNIN,NNNNNIN
1 2 -171.80 -134.39 75.96 -161.12 159.80 93.27 101.24 85.15 132.91 5.67 6.04 4.62
2 3 -164.47 -29.49 61.99 -175.80 -170.30 136.61 122.78 88.69 154.73 6.86 6.48 9.03
3 4 169.11 -106.13 28.35 47.27 165.05 91.24 110.13 119.57 84.16 5.32 5.69 4.67
4 5 170.95 -137.75 46.95 -177.98 159.85 113.58 120.73 98.34 133.74 5.70 6.30 6.13
5 6 -89.96 96.11 59.60 172.24 -149.23 98.75 53.77 135.28 143.59 7.23 4.51 4.10
7 8 -174.16 -133.76 72.28 -164.94 157.67 96.77 101.99 86.76 135.43 5.87 6.09 4.50
8 9 -168.73 -23.28 19.10 154.30 -143.54 131.15 127.36 138.21 142.36 6.78 6.03 9.58
9 10 -168.42 -113.08 -26.51 79.56 -164.69 107.20 113.62 95.60 84.71 5.64 5.70 4.81
10 11 168.90 -126.28 6.94 -171.84 -166.33 132.40 104.41 133.19 151.23 5.77 5.04 7.39
11 12 -104.22 99.28 73.31 172.61 -144.70 88.44 52.77 135.13 142.50 7.32 5.36 3.88
