NNIIIIIIIIIN,NNNN
1 2 149.70 -109.95 56.44 166.47 -145.78 101.36 107.77 112.14 145.85 6.05 6.31 4.78
2 3 -166.20 -105.02 0.65 169.28 -151.71 149.16 108.84 96.11 149.42 15.75 14.05 11.08
4 5 158.77 -142.47 69.71 156.02 -151.90 100.80 101.54 91.92 137.75 5.99 6.05 4.30
5 6 165.68 -134.99 70.42 149.39 -148.83 105.04 107.25 90.43 152.50 6.17 6.28 4.66
6 7 164.88 -145.65 74.07 161.45 -164.30 98.66 101.47 91.46 148.53 5.92 6.01 4.58
NNIIIIIIIIN,NNNN
1 2 153.23 -113.12 56.37 -179.93 -152.04 99.30 105.41 111.78 147.54 5.98 6.18 4.65
2 3 -175.84 -120.30 15.89 141.17 -151.00 144.98 100.81 95.08 144.60 17.31 15.25 11.94
4 5 158.28 -139.08 73.54 156.40 -151.44 112.53 104.66 93.24 146.68 6.48 6.21 4.69
5 6 170.10 -131.27 69.69 155.77 -151.57 99.37 102.56 90.82 151.95 5.96 6.08 4.36
6 7 165.61 -145.81 68.32 162.08 -154.60 96.09 103.18 91.61 141.34 5.80 6.08 4.51
NNIN,NNNN
1 2 159.31 -146.46 74.94 120.27 -138.83 99.41 105.48 90.68 150.09 5.98 6.24 4.85
2 3 165.58 -113.12 59.00 151.93 -166.67 114.31 114.37 106.04 159.29 11.15 11.15 9.81
4 5 166.40 -139.31 51.00 147.63 -137.73 116.91 113.88 94.72 135.45 6.30 6.25 4.63
5 6 161.35 -143.16 56.47 172.51 -142.27 115.33 107.79 123.14 151.25 6.32 5.93 5.79
6 7 -172.61 -129.12 14.62 -167.19 -144.68 101.67 106.90 115.45 145.98 5.54 5.49 4.41
NNN,NNNN
1 2 173.04 -141.13 66.77 164.52 -163.66 104.07 104.00 94.25 143.83 6.03 6.00 4.63
2 3 162.88 -179.53 100.31 145.53 -150.42 100.68 103.41 89.88 145.72 6.04 6.17 6.64
4 5 163.99 -130.18 50.38 153.82 -132.30 109.37 113.37 102.27 141.38 5.94 6.05 4.61
5 6 173.80 -131.51 54.78 -140.14 148.68 112.41 114.79 91.09 146.08 5.89 6.04 5.19
6 7 173.19 123.21 74.19 141.42 -147.51 130.39 82.57 88.00 148.62 6.51 4.76 6.43
