NNNNNNNNNNN,NN
1 2 164.03 -143.47 71.95 157.93 -154.00 102.61 102.06 89.92 147.72 6.09 6.07 4.46
2 3 167.82 -129.36 71.78 173.56 -168.31 98.12 102.54 91.79 153.58 5.87 6.08 4.49
3 4 172.69 -129.61 -145.76 162.89 -140.21 92.56 116.26 101.95 138.28 5.59 6.50 9.62
4 5 -39.84 -166.62 81.29 147.16 -151.43 124.55 105.83 91.23 143.17 6.83 6.21 5.32
5 6 178.00 -144.71 71.88 160.28 -157.16 96.13 105.92 93.58 151.26 5.80 6.23 4.96
6 7 167.03 -143.09 69.45 159.94 -155.97 95.41 101.96 94.42 148.58 5.79 6.08 4.48
7 8 164.50 -149.73 75.62 154.82 -156.86 103.46 99.86 97.75 147.03 6.17 6.01 4.81
8 9 174.37 -149.17 70.37 162.30 -156.81 94.63 102.82 93.64 148.54 5.71 6.06 4.67
9 10 167.98 -143.72 67.78 158.36 -152.83 100.43 101.70 94.44 143.89 5.97 6.04 4.46
10 11 162.46 -146.99 78.58 159.56 -155.33 103.12 99.90 94.53 142.80 6.13 6.00 4.75
12 13 -179.44 -168.14 -150.16 141.44 -148.71 80.97 126.09 92.47 142.80 4.86 6.67 10.52
