NNNNIN,NNNNN
1 2 176.64 -144.68 78.24 162.06 -160.58 92.42 99.66 92.76 149.94 5.60 5.93 4.58
2 3 175.48 -132.75 67.71 -176.82 -171.39 92.99 102.76 95.38 154.10 5.61 6.04 4.45
3 4 165.85 -24.15 -69.47 179.61 167.52 95.97 102.71 81.40 140.77 5.76 5.97 4.51
4 5 176.74 9.00 48.84 135.09 -145.02 122.27 49.99 89.23 141.47 8.97 4.87 4.00
6 7 165.31 109.56 77.28 126.94 -138.14 90.85 99.10 85.03 142.02 5.52 5.84 8.11
7 8 176.33 -123.80 68.04 145.53 -146.70 94.33 106.62 93.96 147.57 5.61 6.19 4.80
8 9 165.02 -135.89 74.62 165.74 -161.11 94.67 101.09 92.00 150.60 5.67 5.93 4.50
9 10 171.08 -136.80 75.87 150.16 -154.77 91.72 108.57 94.07 150.74 5.53 6.29 5.16
NNNNN,NNNNN
1 2 167.76 -158.18 74.86 178.14 -157.53 90.85 105.10 88.22 151.77 5.55 6.16 4.78
2 3 166.37 -125.44 76.90 164.74 -160.95 102.81 98.50 90.66 151.03 6.09 5.89 4.25
3 4 167.83 -168.69 94.27 -157.38 159.03 92.03 90.50 90.79 128.15 5.62 5.60 5.43
4 5 -128.66 -103.44 41.80 -89.27 150.14 126.05 118.96 86.54 125.24 6.38 5.92 5.94
6 7 169.81 119.55 80.83 145.95 -145.89 104.24 79.23 87.95 135.80 6.17 4.88 7.04
7 8 179.52 -103.22 39.12 155.15 -140.81 105.81 115.30 96.58 137.07 6.04 6.46 4.37
8 9 149.73 -132.04 56.64 141.23 -145.53 110.76 104.27 88.08 140.03 6.08 5.84 4.07
9 10 154.26 -139.44 76.50 154.76 -158.45 97.07 104.58 93.46 148.63 5.74 6.10 5.03
