NNNNNN,NNNINNN
1 2 175.82 -128.75 66.61 160.32 -154.11 96.68 102.66 89.09 146.03 5.73 5.96 4.19
2 3 162.64 -145.24 75.34 178.74 -168.48 101.26 100.11 98.68 145.92 5.99 5.95 4.93
3 4 175.54 130.70 87.68 147.90 -147.18 100.57 107.25 86.01 148.55 5.96 6.21 7.77
4 5 -176.76 -147.55 77.22 157.49 -156.74 100.96 101.46 93.46 148.90 6.00 6.07 5.08
5 6 175.13 -121.00 68.86 157.75 -154.05 91.88 99.17 90.12 150.27 5.59 5.90 4.19
7 8 179.63 -134.76 63.25 154.47 -152.61 129.64 103.79 90.48 148.34 6.77 6.06 4.27
8 9 155.89 -15.14 -77.78 -173.51 157.07 98.77 101.60 81.75 144.81 5.95 6.08 4.85
9 10 -125.83 -16.94 139.47 164.44 -158.42 130.09 48.66 138.43 151.52 8.47 4.05 5.10
10 11 -118.21 -138.86 62.38 177.22 -162.23 90.17 95.90 91.17 149.30 5.44 5.81 4.48
11 12 160.14 -115.64 63.90 155.10 -149.99 94.90 102.89 92.92 146.48 5.70 6.05 4.28
NNNNNN,NNNNNN
1 2 171.70 -128.64 70.12 166.46 -168.35 95.72 103.52 86.01 146.56 5.73 6.02 4.33
2 3 -174.72 -112.05 42.49 -151.10 -170.83 96.85 101.54 102.10 137.38 5.60 5.47 4.00
3 4 -168.79 125.57 75.85 155.90 -151.29 147.98 132.16 89.79 137.84 7.10 6.94 7.35
4 5 -176.18 -122.83 44.37 178.55 -144.71 102.02 105.62 113.99 149.57 5.61 5.78 4.68
5 6 173.47 -136.23 50.29 163.70 -155.05 114.92 99.13 89.56 151.04 6.17 5.68 4.11
7 8 178.95 -124.62 67.02 164.19 -169.99 94.29 100.81 88.93 146.35 5.60 5.91 4.17
8 9 178.28 -130.47 55.89 13.08 -163.35 98.72 109.67 97.46 121.28 5.76 5.82 4.81
9 10 138.40 161.31 84.06 152.21 -134.41 134.59 122.00 88.59 133.80 6.41 6.12 6.07
10 11 -177.92 -123.39 67.30 156.52 -153.60 121.78 114.48 95.28 146.57 6.31 6.42 5.17
11 12 166.15 -123.38 63.85 163.82 -148.11 90.89 104.42 87.44 151.63 5.50 6.08 4.21
