NNNNN,NNNNN
1 2 177.28 -153.56 61.30 -165.35 -161.43 83.43 108.71 89.00 152.05 5.09 6.05 4.77
2 3 156.82 -154.94 82.53 141.82 -156.59 128.23 112.49 97.05 147.27 6.85 6.50 6.05
3 4 -176.38 -144.01 70.74 -171.19 -179.06 89.34 103.96 91.80 156.07 5.46 6.13 4.86
4 5 169.45 -113.73 63.98 166.16 -156.50 90.91 97.67 88.05 146.16 5.54 5.81 3.93
6 7 176.27 -117.34 57.73 -168.37 -174.15 106.63 103.55 94.01 149.37 6.32 6.21 4.19
7 8 173.53 -137.15 33.41 -133.39 162.96 94.10 131.75 111.26 136.51 5.45 6.70 7.15
8 9 -159.40 152.88 -17.32 135.68 -155.14 145.14 117.93 85.94 143.77 7.33 6.46 5.02
9 10 97.15 -127.78 81.43 138.68 -138.86 92.20 122.06 82.43 141.59 5.27 6.56 6.62
NNNNN,NNNINIIIN
1 2 -170.79 169.91 69.10 152.55 -163.74 124.22 114.99 90.98 145.94 6.92 6.61 5.81
2 3 170.28 -116.95 67.25 -152.71 155.91 94.83 106.19 87.07 131.25 5.68 6.18 4.64
3 4 178.63 164.80 74.88 141.45 -155.14 129.48 98.94 92.35 145.24 6.97 5.86 6.38
4 5 176.27 -100.61 56.70 169.16 -145.54 84.05 98.87 99.14 142.81 5.11 5.68 4.12
6 7 174.95 -130.83 64.59 157.53 -148.84 93.64 99.69 97.29 147.86 5.67 5.90 4.17
7 8 162.28 163.11 134.17 -156.68 148.11 108.56 119.18 96.06 123.73 6.34 6.54 8.80
8 9 -16.04 137.94 -27.11 -172.53 158.58 114.05 82.56 107.48 132.64 6.83 5.50 4.27
9 10 32.32 -150.77 70.24 125.60 -135.32 92.76 82.23 81.03 139.71 11.52 10.82 7.44
