NNNN,NNINN
1 2 -166.22 174.67 66.56 -178.80 -175.77 122.26 102.61 87.27 149.25 6.49 5.69 5.22
2 3 165.29 -150.47 78.35 -152.85 156.57 96.37 102.17 86.82 130.91 5.73 6.06 5.04
3 4 -179.21 -123.49 23.94 -168.39 -152.21 128.91 107.58 118.30 151.77 7.00 6.20 4.68
5 6 171.12 -16.54 -66.10 -178.06 165.39 95.41 107.51 81.98 138.85 5.81 6.27 4.88
6 7 179.88 27.51 56.97 139.13 -149.76 116.15 54.02 92.35 143.22 8.43 4.87 3.73
7 8 156.77 -122.92 62.16 159.36 -158.45 90.06 102.85 93.87 150.98 5.47 6.04 4.26
NNNN,NNNN
1 2 169.02 -153.10 78.15 152.01 -153.06 96.71 103.13 94.26 148.43 5.85 6.13 5.09
2 3 174.19 -131.23 70.30 167.58 -159.04 95.03 99.67 91.50 151.47 5.75 5.96 4.19
3 4 165.75 -172.31 75.70 163.39 -160.71 102.57 107.69 91.15 150.73 6.10 6.32 5.77
5 6 157.75 -128.50 56.37 177.67 -152.24 115.93 98.42 140.90 148.45 6.48 5.77 5.42
6 7 175.08 169.33 75.31 169.45 -166.13 105.39 101.66 96.34 149.71 6.17 6.05 4.74
7 8 173.42 -123.89 47.99 168.25 -143.52 95.51 104.73 114.00 139.83 5.77 6.11 4.50
NNNIN,NNNN
1 2 171.02 -161.66 76.12 169.20 -169.76 100.22 109.78 95.68 150.05 6.05 6.42 5.48
2 3 169.62 -101.60 79.76 179.83 -154.17 91.71 90.63 129.13 134.65 5.61 5.48 5.08
3 4 -178.29 158.15 86.51 142.04 -145.36 141.84 121.03 92.43 140.66 10.07 9.45 7.92
5 6 155.67 -165.87 89.27 162.56 -166.81 103.87 105.71 100.46 149.15 6.12 6.21 6.03
6 7 178.33 -143.68 65.88 170.29 -143.65 90.16 104.75 101.40 147.14 5.56 6.20 4.44
7 8 174.85 -144.74 72.10 158.50 -158.74 120.06 98.97 93.07 150.74 6.59 5.79 4.44
