NNNNN,NNNIN
1 2 178.00 -127.72 54.47 171.87 -138.15 97.90 109.72 106.66 143.34 5.85 6.29 4.55
2 3 169.82 -167.87 75.19 147.00 -157.50 131.86 108.68 102.00 147.63 7.07 6.32 5.54
3 4 175.59 -149.20 63.50 -176.00 -165.96 82.01 107.68 88.13 151.07 5.05 6.20 4.64
4 5 162.67 -111.17 63.96 167.43 -154.81 99.40 100.18 89.88 149.99 5.80 5.91 4.12
6 7 174.24 -131.84 66.78 -175.87 -177.76 97.25 101.67 85.31 150.07 5.75 6.03 4.05
7 8 177.41 -151.39 60.02 -164.47 176.13 92.25 126.61 109.31 141.79 5.47 6.71 7.49
8 9 126.49 -115.39 40.32 98.06 -136.18 125.38 92.91 85.02 138.87 11.30 9.60 4.74
NNNNN,NNNIIIN
1 2 -179.23 -141.60 51.28 -174.08 -155.80 87.20 107.38 90.28 147.34 5.22 5.84 4.21
2 3 145.55 -145.73 82.71 160.59 -177.16 133.00 110.85 105.53 145.83 6.96 6.44 6.04
3 4 -176.08 -158.84 67.17 -147.85 166.63 78.48 107.27 87.45 149.70 4.84 6.17 4.91
4 5 169.92 -88.60 51.37 176.20 -143.25 96.14 99.12 104.03 142.65 5.72 5.74 4.42
6 7 173.44 -131.60 66.83 167.96 -162.54 99.85 103.02 95.36 149.98 5.99 6.14 4.38
7 8 168.82 -179.75 89.96 -143.16 152.83 77.77 130.37 93.84 125.92 4.74 6.84 7.66
8 9 133.16 -81.14 28.70 114.46 -136.20 140.79 95.34 85.63 141.16 12.37 10.19 4.88
NNNNN,NNNIIN
1 2 178.79 -145.67 54.06 -163.80 -161.16 83.67 109.64 88.35 153.69 5.06 5.99 4.36
2 3 151.12 -140.21 78.31 -174.24 172.98 128.42 108.96 105.97 146.86 6.81 6.36 5.87
3 4 177.58 -159.93 68.88 -145.58 165.61 86.22 101.39 91.04 145.38 5.37 6.02 4.62
4 5 170.59 -81.81 44.05 179.41 -143.18 91.91 96.60 118.11 143.61 5.50 5.56 4.50
6 7 166.38 -143.85 77.66 161.08 -163.13 99.66 102.19 91.05 153.35 6.03 6.14 4.68
7 8 177.29 -162.06 93.96 -156.12 150.39 85.32 138.84 94.13 124.08 5.21 7.05 7.65
8 9 145.25 -98.55 28.68 111.66 -135.19 137.21 87.36 87.32 138.77 12.63 10.18 5.00
NNNNN,NNINN
1 2 170.91 -142.51 81.63 171.20 -166.04 91.17 97.85 91.29 148.63 5.55 5.84 4.52
2 3 179.03 171.42 87.17 134.77 -153.01 113.36 104.89 103.45 145.59 6.56 6.24 7.24
3 4 -178.61 -146.26 71.14 157.88 -156.50 84.45 104.69 90.40 147.99 5.23 6.16 4.53
4 5 168.57 -129.64 68.40 155.60 -155.49 95.04 102.16 86.78 146.70 5.70 6.00 4.16
6 7 176.92 -118.67 59.04 -171.17 -169.31 102.25 101.35 90.45 150.60 6.06 6.00 4.05
7 8 -169.07 -129.76 -1.15 -142.46 -159.85 119.48 87.85 145.95 146.00 9.85 8.06 8.09
8 9 136.76 -164.93 63.22 172.91 -164.66 104.92 96.56 89.36 152.42 5.82 5.70 4.26
NNNNN,NNNN
1 2 159.55 -138.79 72.00 155.92 -151.30 97.03 100.32 91.20 146.31 5.88 6.02 4.23
2 3 -179.03 153.86 59.69 134.31 -129.55 91.07 123.31 91.90 135.11 5.33 6.45 7.68
3 4 166.19 -135.37 68.16 148.24 -152.09 112.63 111.27 89.87 144.14 6.13 6.16 5.03
4 5 165.51 -129.20 69.20 150.77 -150.50 92.08 98.75 89.05 143.28 5.57 5.88 4.07
6 7 167.97 -123.76 70.48 176.81 -163.39 97.24 98.82 89.96 149.88 5.78 5.84 4.21
7 8 177.64 174.66 80.83 -154.66 178.40 93.62 121.64 90.05 147.54 5.46 6.51 7.23
8 9 -172.60 -100.83 68.92 152.85 -141.54 94.32 99.23 88.50 144.97 5.49 5.69 4.82
