NNNN,NNNNNININ
1 2 168.45 -158.47 80.45 167.38 -164.25 99.91 102.01 97.04 149.08 6.01 6.10 5.33
2 3 178.72 -143.24 66.88 159.38 -160.09 93.54 102.83 95.11 144.27 5.67 6.08 4.51
3 4 167.28 51.46 62.34 152.42 -157.69 91.48 78.12 91.48 144.93 5.53 4.83 8.23
5 6 168.46 -144.51 73.58 152.05 -154.35 92.14 102.22 92.43 145.11 5.59 6.04 4.70
6 7 170.83 -145.84 72.90 160.17 -158.71 93.86 102.27 91.87 151.23 5.67 6.04 4.69
7 8 173.75 -106.17 -86.35 -163.72 176.60 88.07 128.72 85.17 149.15 5.31 6.77 7.66
8 9 18.25 -123.98 63.24 -117.57 150.18 92.19 111.38 91.91 140.96 5.39 6.30 5.03
9 10 -160.77 170.80 44.61 -161.98 156.64 122.13 93.32 84.65 137.89 11.72 10.19 9.31
10 11 -30.47 23.47 111.93 145.36 -156.16 126.61 55.24 84.56 152.08 8.78 4.81 4.64
