NNNNNN,NNNINNN
1 2 171.13 -135.84 61.84 146.41 -150.46 120.73 103.56 90.97 140.03 6.61 6.00 4.30
2 3 163.93 -129.78 50.52 -153.49 -160.14 94.76 111.86 109.36 148.88 5.63 6.12 5.05
3 4 171.39 113.02 97.61 131.80 -144.62 127.59 111.16 91.33 142.57 6.64 6.29 8.18
4 5 -168.08 -155.52 84.27 159.20 -149.83 93.44 99.03 91.54 148.13 5.68 5.98 5.17
5 6 -176.52 -114.09 68.94 143.84 -141.29 93.02 98.27 88.53 146.80 5.52 5.70 4.12
7 8 -176.15 -123.59 58.78 155.90 -151.53 122.36 103.83 94.62 142.72 6.82 6.17 4.21
8 9 155.86 -12.34 -75.39 -175.40 159.55 103.25 101.43 79.55 141.70 6.13 5.97 4.97
9 10 -123.27 -19.10 125.61 -169.67 -159.70 130.19 52.13 145.85 155.43 8.51 4.36 4.92
10 11 -116.88 -150.21 65.07 -144.04 168.29 92.78 94.52 90.47 152.03 5.24 5.60 4.57
11 12 162.39 -78.02 41.35 -178.79 -153.67 103.17 100.76 107.03 144.26 6.09 5.99 4.54
