NNNNN,NNNINNNN
1 2 174.22 -127.55 69.56 -178.30 -170.55 93.93 101.90 88.59 149.03 5.62 5.99 4.35
2 3 173.99 -143.98 60.62 -145.13 159.87 99.51 107.23 103.93 125.34 5.86 6.16 5.37
3 4 178.96 178.10 69.98 -167.23 161.90 126.96 98.99 93.90 131.62 6.87 5.76 4.78
4 5 -165.54 171.64 95.20 -170.72 -137.37 132.95 81.24 104.32 143.25 6.75 4.61 5.52
6 7 167.13 -135.07 70.39 166.03 -156.50 90.81 107.73 102.79 145.72 5.49 6.26 5.05
7 8 166.86 -170.84 46.66 -165.86 162.94 89.05 117.53 131.68 143.58 5.46 6.67 7.68
8 9 -99.03 78.06 51.05 -175.64 157.10 66.51 54.33 87.66 135.74 5.78 4.93 5.27
9 10 161.81 117.56 82.65 149.82 -153.26 107.58 72.56 88.09 143.21 6.03 4.50 7.33
10 11 -177.39 -114.48 55.51 157.41 -150.28 98.16 103.57 96.29 142.88 5.80 6.11 4.15
11 12 154.38 -122.34 63.68 142.60 -148.36 96.54 107.14 91.68 145.78 5.76 6.20 4.49
