NNINNNN,NNNNN
1 2 178.05 -147.46 72.53 172.77 -170.59 115.36 102.95 92.12 150.02 6.40 5.90 4.61
2 3 -103.08 159.91 -33.16 130.00 -142.81 123.88 96.92 88.77 142.45 8.45 7.20 6.84
3 4 58.41 -175.75 92.24 152.75 -151.93 98.03 97.61 90.96 149.82 5.92 5.93 6.02
4 5 -170.64 -122.01 67.31 168.98 -167.19 96.74 103.05 89.72 153.69 5.79 6.07 4.29
5 6 143.82 -166.53 102.40 165.14 -162.68 71.95 78.19 92.89 147.78 5.16 5.54 5.03
7 8 160.69 -149.89 94.64 -170.93 174.87 107.43 111.25 99.39 148.08 6.70 6.83 6.34
8 9 -167.37 162.89 -30.84 150.50 -166.84 93.68 110.73 144.88 143.70 5.72 6.46 9.99
9 10 73.23 168.28 65.48 -169.39 174.96 83.47 110.44 88.27 151.00 5.17 6.38 5.02
10 11 175.25 120.00 -113.00 161.61 -159.58 62.34 154.01 92.92 152.99 3.87 7.28 10.37
