NNNN,NNNNN
1 2 168.00 -124.36 69.95 -175.85 -170.75 97.70 99.13 90.93 149.88 5.83 5.88 4.30
2 3 168.92 178.53 84.11 176.58 -166.17 96.53 112.39 91.01 149.30 5.76 6.42 6.69
3 4 -174.59 -113.22 65.06 169.65 -153.39 94.85 96.75 90.64 145.42 5.62 5.69 4.02
5 6 169.79 -132.86 74.61 170.96 -161.22 90.29 100.57 89.08 149.42 5.51 5.96 4.35
6 7 170.40 147.64 87.67 146.88 -152.32 105.91 103.15 89.75 145.26 6.24 6.10 7.47
7 8 -172.99 -133.19 69.36 169.94 -166.15 94.42 103.73 93.39 146.76 5.64 6.07 4.64
8 9 169.82 -129.28 67.16 176.04 -165.31 90.87 102.65 87.58 153.48 5.49 6.01 4.31
NNININ,NNNNN
1 2 176.31 -120.83 53.57 -164.73 -179.55 97.68 126.03 91.41 146.37 5.74 6.86 5.62
2 3 60.03 -74.53 92.18 -167.79 173.40 173.37 146.03 82.48 149.88 9.16 8.66 7.64
3 4 157.25 -102.33 69.89 161.41 -149.66 83.98 112.20 89.39 134.03 6.18 7.52 4.79
5 6 147.38 -136.30 75.53 148.14 -149.17 113.84 98.78 91.28 152.40 6.31 5.76 4.33
6 7 177.31 152.39 83.01 133.10 -143.76 90.13 112.44 83.83 142.40 5.38 6.30 7.23
7 8 -175.96 -124.43 67.69 144.63 -149.88 101.04 101.80 89.08 151.24 5.96 6.03 4.49
8 9 166.49 -126.71 66.51 150.97 -152.18 92.55 101.54 94.02 148.77 5.59 6.00 4.36
NNNN,NNINNN
1 2 162.13 -163.53 84.86 145.83 -152.25 127.44 95.01 98.90 145.82 7.02 5.79 4.76
2 3 -176.92 -116.12 56.82 120.55 -133.21 91.88 102.58 88.32 140.97 5.59 6.07 3.92
3 4 153.51 -143.93 76.09 157.19 -148.30 96.63 103.67 94.70 148.39 5.84 6.10 5.11
5 6 160.53 -146.32 71.44 139.54 -146.35 83.78 105.78 92.42 143.56 5.19 6.19 4.90
6 7 161.40 -162.17 56.93 120.83 -135.68 134.94 108.21 90.28 150.01 12.62 11.38 9.52
7 8 153.39 -138.81 70.18 151.75 -152.72 88.89 104.79 92.53 149.52 5.45 6.17 4.71
8 9 166.34 -125.01 63.87 -167.65 175.85 95.82 101.90 106.50 146.53 5.78 6.02 4.56
