NN,NNNNNNNNNNNNNNNNNNNNNN
1 2 95.51 57.42 112.70 150.61 -147.66 95.36 84.29 88.80 150.82 5.57 5.18 9.16
3 4 169.28 -144.79 77.87 152.16 -154.65 95.74 103.85 96.31 143.82 5.78 6.14 4.95
4 5 172.53 -145.01 73.03 155.09 -154.04 91.89 103.48 94.02 148.92 5.62 6.14 4.70
5 6 166.11 -145.66 76.45 154.20 -152.66 93.67 103.44 94.06 147.72 5.70 6.14 4.82
6 7 171.32 -156.69 78.84 154.93 -157.27 99.41 101.41 92.97 143.29 5.98 6.06 5.03
7 8 178.15 -138.03 65.57 168.00 -163.38 98.47 104.67 90.93 154.03 5.89 6.16 4.48
8 9 159.45 -152.29 70.88 172.93 -164.41 90.37 103.31 93.79 148.44 5.54 6.11 4.82
9 10 168.27 -144.23 68.13 169.91 -159.66 95.05 102.71 92.99 150.97 5.71 6.05 4.48
10 11 161.23 -152.38 74.68 157.27 -155.20 103.00 101.77 93.03 148.85 6.13 6.11 4.75
11 12 169.85 -139.51 70.13 165.23 -154.16 95.53 101.81 93.82 149.98 5.79 6.06 4.44
12 13 164.93 -142.33 75.94 160.00 -154.56 104.87 100.38 93.02 147.45 6.21 6.00 4.54
13 14 171.84 -143.41 76.96 171.90 -165.90 102.33 99.42 92.68 151.06 6.09 5.96 4.60
14 15 177.20 -117.05 -73.99 158.44 -163.35 93.08 123.24 88.57 149.05 5.59 6.79 7.36
15 16 32.08 -132.58 62.57 -150.94 171.41 90.60 107.48 89.34 149.40 5.44 6.12 4.73
16 17 167.41 -124.21 73.26 46.95 -149.72 96.25 111.62 92.79 128.83 5.65 6.35 5.60
17 18 -164.99 81.94 87.04 -176.32 -165.22 157.06 100.59 138.69 153.21 6.79 5.32 10.69
18 19 -159.91 178.27 51.32 170.16 -145.20 105.65 111.35 96.29 143.97 6.26 6.47 4.32
19 20 150.58 -146.76 70.91 164.20 -154.04 116.12 104.51 98.33 139.65 6.49 6.08 4.79
20 21 166.71 -157.43 77.46 157.74 -154.76 104.52 101.05 92.28 141.47 6.16 6.01 4.76
21 22 176.15 -138.52 68.17 163.40 -158.86 100.78 103.60 91.91 149.75 5.95 6.08 4.48
22 23 163.75 -150.86 74.74 168.57 -167.87 100.18 101.04 91.30 152.63 5.99 6.04 4.72
23 24 -179.08 -118.41 76.21 -138.99 150.41 90.01 125.67 105.60 119.53 5.38 6.67 7.14
