NNNNNN,NNNNNN
1 2 171.50 -120.76 65.76 -175.51 -170.50 95.79 98.81 90.41 153.61 5.74 5.85 4.13
2 3 160.02 173.73 44.10 178.19 -137.98 109.80 106.58 123.08 136.66 6.40 5.95 7.12
3 4 -177.18 -155.40 55.09 159.82 -160.97 123.62 103.87 93.38 153.09 6.29 5.97 4.35
4 5 146.47 -127.82 59.54 148.45 -135.70 91.08 108.67 105.47 144.81 5.57 6.32 4.64
5 6 171.31 -140.97 64.50 143.13 -155.88 108.75 103.10 90.40 144.26 6.11 5.91 4.47
7 8 169.72 -123.33 67.28 -175.98 -170.82 94.70 98.78 89.04 154.31 5.68 5.83 4.14
8 9 161.10 175.81 42.60 179.90 -138.22 109.05 106.47 123.49 137.05 6.37 5.95 7.12
9 10 -176.91 -154.92 50.26 154.61 -152.86 124.71 106.69 93.12 151.24 6.35 6.11 4.34
10 11 141.69 -139.21 76.79 149.16 -151.46 90.63 102.30 94.52 144.28 5.55 6.08 4.62
11 12 172.78 -132.33 70.96 143.50 -156.12 96.77 103.62 91.03 145.31 5.83 6.13 4.48
