NINNNNNNNN,NN
1 2 -173.84 138.96 132.26 139.32 -145.78 104.37 134.18 88.92 141.99 10.07 11.43 14.50
2 3 -127.03 -127.37 65.14 160.07 -157.39 93.77 106.09 90.35 148.20 5.59 6.11 4.52
3 4 164.20 -126.94 63.79 159.09 -161.15 93.02 105.93 94.39 145.62 5.58 6.15 4.52
4 5 163.49 -122.26 60.06 165.91 -160.13 93.35 103.08 90.96 149.76 5.65 6.08 4.12
5 6 157.80 -110.59 -84.39 156.64 -156.67 91.36 128.42 83.90 151.77 5.54 6.87 7.59
6 7 17.27 -124.07 69.19 170.18 -167.55 100.34 103.38 91.29 147.77 5.86 6.06 4.71
7 8 173.45 -143.90 102.60 -131.45 147.45 98.07 120.44 88.05 120.23 5.81 6.66 7.27
8 9 -134.55 -70.20 -147.17 139.64 -153.56 123.54 122.32 94.75 147.60 6.46 6.43 9.70
10 11 171.55 -170.96 82.77 158.41 -163.39 102.39 104.37 96.35 149.09 6.12 6.21 5.97
NINNNNNNINN,NN
1 2 -155.41 103.77 132.75 133.11 -143.23 120.52 113.97 79.93 142.97 11.62 11.23 15.28
2 3 -128.19 -110.20 62.43 150.24 -153.48 93.70 105.11 90.72 149.66 5.53 6.08 4.31
3 4 160.25 -132.47 69.15 144.20 -153.31 89.93 107.13 91.83 144.96 5.44 6.22 4.75
4 5 165.02 -121.06 65.79 163.74 -159.49 91.33 104.91 91.35 149.83 5.56 6.20 4.38
5 6 170.58 -117.82 -62.64 130.72 -146.25 85.70 118.52 113.26 135.40 5.18 6.49 7.58
6 7 89.05 -126.49 35.73 -132.57 144.12 119.30 108.62 83.85 121.72 6.45 6.09 5.19
7 8 66.08 -131.26 112.32 -159.60 164.28 125.23 136.73 80.14 138.06 9.76 10.12 8.12
8 9 -124.59 -64.66 -175.47 124.97 -141.03 140.27 129.00 91.01 141.46 6.83 6.64 10.42
10 11 167.90 178.88 70.03 151.42 -150.42 117.21 102.48 91.84 148.51 6.58 6.02 4.59
