NNNNNIINNN,NNN
1 2 174.58 -142.85 -59.67 -83.83 147.49 100.68 130.77 130.72 129.55 5.64 6.62 8.82
2 3 108.96 76.63 22.37 -7.78 146.62 102.44 75.70 127.61 107.82 5.62 4.47 6.75
3 4 150.15 -122.92 18.02 -161.48 -159.48 124.63 104.46 118.34 149.99 6.99 6.23 4.43
4 5 136.22 -173.79 -20.64 95.37 -134.66 129.68 121.43 97.49 126.63 7.13 6.86 5.85
5 6 47.51 -61.27 95.20 158.93 -163.55 93.40 90.16 137.04 150.05 14.76 14.56 14.18
6 7 -174.18 -45.26 -82.70 178.25 -147.93 89.27 97.15 107.42 147.93 5.55 5.83 6.49
7 8 32.53 -147.22 42.71 173.43 -142.32 130.67 109.10 118.88 147.68 6.98 6.33 5.02
9 10 149.06 -146.92 75.44 148.06 -147.85 96.52 98.78 90.64 146.95 5.85 5.95 4.44
10 11 173.61 -143.48 68.67 148.07 -151.39 99.54 109.00 90.56 150.26 5.91 6.29 4.92
