NNNNNNNN,NNN
1 2 -172.58 -126.65 79.76 167.82 -169.01 90.12 104.57 89.94 144.25 5.46 6.13 4.84
2 3 173.23 -143.43 78.32 172.86 -165.81 81.97 98.72 79.85 145.92 5.07 5.87 4.18
3 4 168.28 -95.89 53.76 171.58 -171.27 121.02 104.25 113.17 136.29 6.85 6.24 4.79
4 5 -160.25 43.13 94.41 172.62 167.85 142.59 98.81 88.78 142.79 7.43 5.98 9.41
5 6 -147.27 153.40 22.61 143.87 -149.67 126.72 114.11 96.18 151.62 6.76 6.30 7.21
6 7 112.42 -146.76 80.03 170.86 -166.54 87.39 103.51 88.59 154.52 5.42 6.17 4.68
7 8 171.45 -129.80 65.94 167.83 -156.12 92.74 108.75 91.23 152.55 5.64 6.38 4.45
9 10 170.68 -141.92 72.87 169.77 -162.08 90.73 103.54 96.36 159.78 5.55 6.19 4.80
10 11 166.90 1.07 -38.71 178.55 -152.35 90.09 106.02 145.30 152.59 5.54 6.07 8.63
