NNNINN,NNINNNIN
1 2 156.52 -160.51 123.16 -141.79 148.80 102.71 116.27 102.53 107.91 6.07 6.38 7.95
2 3 -130.50 114.11 30.08 167.59 164.09 96.83 85.20 106.99 138.63 5.60 5.22 7.44
3 4 -111.69 55.22 58.96 152.12 -154.45 118.77 52.52 95.61 149.65 8.30 4.54 4.04
4 5 151.49 -147.57 70.21 165.99 -156.34 97.18 112.50 95.20 143.74 5.90 6.54 5.17
6 7 170.72 -25.76 -67.19 171.14 176.00 99.35 98.34 79.51 143.35 5.88 5.83 4.38
7 8 -171.70 22.48 61.90 143.89 -155.25 118.42 53.47 94.87 147.41 8.79 5.04 3.67
8 9 165.84 -130.41 68.36 172.92 166.11 95.00 109.31 101.18 137.70 5.70 6.28 5.46
9 10 172.23 113.66 85.90 155.29 -177.86 116.39 97.66 84.13 143.79 6.60 5.84 7.81
10 11 -48.95 38.75 44.86 168.70 -167.30 119.32 57.66 92.73 151.68 8.88 5.34 4.65
