NNN,NNIINN
1 2 171.24 -147.11 74.40 156.19 -152.90 98.43 106.06 91.95 146.40 5.90 6.26 4.81
2 3 166.77 -140.30 76.21 165.97 -156.22 88.95 102.34 90.90 152.17 5.42 6.02 4.47
4 5 174.27 -153.30 57.04 -160.10 -171.51 89.40 112.68 87.11 145.22 5.38 6.30 4.91
5 6 133.30 -97.85 94.85 -154.09 169.57 129.50 13.02 108.62 132.62 15.81 9.37 8.29
6 7 -110.80 -66.15 -86.58 136.74 -144.69 129.41 110.13 98.60 145.73 6.62 6.10 7.63
NNN,NNNN
1 2 164.77 -136.52 69.50 162.35 -163.53 99.82 106.94 95.58 147.99 5.98 6.27 4.79
2 3 167.60 -149.51 68.28 179.52 -163.98 84.48 102.53 90.21 149.26 5.21 5.99 4.50
4 5 -169.95 -155.26 61.69 -154.46 -179.93 95.16 105.42 87.94 147.56 5.66 5.98 4.80
5 6 152.81 -118.37 71.62 -153.76 174.40 106.21 108.19 94.30 141.26 6.15 6.29 4.74
6 7 -121.31 137.21 30.90 143.89 -145.82 150.97 143.90 95.97 143.69 7.10 7.08 7.47
