NNNNNNN,NNNINNINNNINNNNNN
1 2 166.20 -22.21 -74.12 -177.00 168.47 98.73 96.54 82.26 143.66 5.81 5.68 4.49
2 3 44.92 55.23 160.54 -149.27 -167.06 142.04 100.80 98.53 152.45 7.10 5.72 11.35
3 4 -98.23 -147.71 68.77 146.50 -161.43 127.54 115.38 93.46 140.46 6.88 6.61 5.17
4 5 173.35 -179.51 82.11 177.08 -169.29 101.53 111.62 93.12 148.76 6.03 6.43 6.78
5 6 177.91 -163.90 76.96 -167.86 -173.35 97.18 100.55 88.51 151.32 5.85 5.96 4.96
6 7 177.32 -104.81 60.28 161.78 -149.78 102.69 99.97 89.22 146.73 5.97 5.87 4.10
8 9 173.42 -128.25 66.09 -170.25 -178.41 98.69 104.27 90.61 148.67 5.87 6.12 4.36
9 10 164.29 -5.43 -65.76 172.08 167.75 101.41 107.05 76.11 147.94 6.03 6.23 5.00
10 11 -179.89 -19.30 14.84 -88.40 153.03 152.33 140.26 131.08 104.41 11.43 11.17 14.78
11 12 163.23 161.14 42.48 -93.32 163.37 108.82 104.72 101.22 142.48 6.14 5.74 4.45
12 13 -131.16 -10.05 -125.19 -146.90 151.76 110.10 87.76 87.17 140.10 9.93 8.83 14.37
13 14 13.13 154.29 54.64 163.20 162.30 136.62 107.01 108.17 145.31 6.71 5.81 6.79
14 15 178.55 -50.56 -7.78 -98.65 155.77 99.76 109.40 97.20 125.17 5.67 6.01 5.63
15 16 -124.62 -177.31 -153.78 172.33 -154.09 105.45 163.85 104.90 149.45 7.18 9.01 12.37
16 17 -45.05 -35.78 -119.93 138.71 -143.53 122.03 101.33 89.59 136.17 6.85 5.98 7.21
17 18 -26.02 -155.99 82.86 151.60 -152.01 94.70 108.59 91.39 146.28 5.63 6.27 5.56
18 19 178.23 -140.08 73.59 158.55 -154.44 93.24 101.82 95.23 145.45 5.65 6.02 4.67
19 20 178.99 -109.51 64.19 170.42 -148.29 97.81 94.21 93.37 143.59 5.69 5.46 4.15
20 21 158.58 -152.24 83.14 173.35 -167.95 115.73 100.72 95.84 149.85 6.52 6.00 5.09
