NNNNNNNN,NNNNNNN
1 2 175.62 -124.91 63.43 165.22 -156.43 100.65 102.06 89.44 148.39 5.95 6.01 4.10
2 3 173.47 177.84 111.42 -112.27 150.62 91.38 128.20 84.44 111.61 5.34 6.72 8.19
3 4 -127.93 163.83 6.64 -146.41 153.03 131.03 85.99 133.29 143.93 6.78 5.03 6.98
4 5 101.63 -90.89 122.30 -177.82 161.97 79.29 98.24 115.63 123.67 5.01 5.97 9.08
5 6 -111.16 64.10 104.09 131.13 -151.66 107.44 89.43 97.02 142.82 6.00 5.18 9.74
6 7 -159.19 -136.45 67.68 152.97 -150.77 81.42 103.51 91.93 146.49 5.02 6.12 4.44
7 8 167.81 -130.26 63.16 148.23 -144.69 95.29 102.31 90.03 147.17 5.70 6.00 4.15
9 10 169.06 -25.16 -62.91 169.60 169.11 101.70 101.66 85.70 134.96 5.99 5.93 4.55
10 11 62.17 137.93 77.66 -95.47 160.30 145.78 79.67 124.91 128.31 6.86 4.46 7.01
11 12 -66.24 92.29 -7.54 167.99 -141.86 118.43 88.15 123.37 139.67 5.80 4.91 5.16
12 13 115.01 -167.08 70.44 134.69 -148.22 117.58 105.60 96.84 140.97 6.59 6.18 4.89
13 14 170.42 -134.86 67.57 144.24 -143.84 90.91 103.70 92.43 145.04 5.51 6.11 4.55
14 15 165.11 -123.47 67.50 141.94 -145.12 95.06 104.37 90.51 144.81 5.75 6.17 4.46
