NNNNNNN,NNNINNNNNN
1 2 162.18 -138.69 54.54 169.38 -138.40 80.65 104.96 102.67 138.16 5.01 5.95 4.12
2 3 164.78 -140.35 70.22 144.24 -161.43 131.25 111.66 107.47 143.61 6.79 6.32 5.54
3 4 161.38 -157.00 66.57 145.75 -141.70 78.46 106.47 99.90 132.30 4.93 6.15 4.79
4 5 -173.44 -154.59 71.34 132.00 -133.51 133.69 102.87 81.57 144.55 6.91 6.02 4.59
5 6 158.36 -164.01 75.43 -150.22 158.21 117.57 109.51 96.03 141.08 6.74 6.43 6.07
6 7 -156.37 162.97 102.16 -167.46 -157.88 130.55 69.34 105.51 147.87 6.44 4.04 5.23
8 9 152.11 -139.22 50.41 -172.93 -157.67 90.51 107.92 104.77 152.23 5.54 6.35 4.61
9 10 167.45 -175.62 59.94 -156.04 173.37 112.36 118.26 151.47 146.07 6.26 6.49 8.89
10 11 -105.25 103.88 19.55 171.94 -140.45 53.53 80.23 88.60 129.67 4.96 6.47 5.95
11 12 -165.74 80.98 102.25 136.76 -144.93 176.99 77.28 88.81 146.17 7.28 4.94 6.25
12 13 -157.34 -53.17 -20.19 -176.96 -134.42 119.48 112.18 107.35 144.08 6.73 5.86 4.25
13 14 120.54 -140.38 58.15 126.42 -155.37 136.35 99.53 96.90 141.84 6.29 5.75 4.80
14 15 159.10 -146.20 63.96 -144.81 166.90 84.75 109.54 96.33 150.38 5.20 6.31 5.13
15 16 159.57 -151.23 67.06 146.94 -158.98 96.13 110.71 94.43 145.63 5.81 6.43 5.06
