NNNNNNN,NNNNNN
1 2 166.47 -140.38 61.96 167.65 -155.49 96.22 105.03 94.83 149.43 5.82 6.19 4.36
2 3 163.77 -13.73 -73.32 177.69 173.84 103.27 100.12 80.65 141.70 6.03 5.83 4.99
3 4 46.01 170.23 116.98 -81.67 148.58 149.08 80.53 124.44 125.68 7.18 4.55 7.32
4 5 -46.03 32.87 69.19 133.34 -151.22 139.12 91.04 91.62 146.15 6.87 5.56 7.12
5 6 169.07 -137.05 64.91 148.08 -151.18 90.04 107.92 93.42 142.53 5.48 6.28 4.82
6 7 162.65 -117.01 69.36 151.02 -148.83 91.32 100.36 90.08 146.14 5.50 5.93 4.31
8 9 168.68 -119.38 64.13 166.55 -163.26 105.65 101.32 93.18 151.10 6.18 6.02 4.24
9 10 155.91 167.18 59.84 -178.68 -135.87 92.52 104.57 124.04 141.13 5.66 5.76 7.19
10 11 -161.21 156.33 82.34 158.56 -153.87 130.85 104.98 92.07 149.92 6.54 6.13 5.32
11 12 -174.92 -124.97 65.97 170.24 -161.52 95.80 102.47 86.56 151.92 5.64 5.89 4.24
12 13 163.31 -121.27 67.29 158.92 -155.71 97.68 101.86 93.54 147.01 5.78 6.01 4.33
NNNNNNIN,NNNNNN
1 2 164.32 -133.08 71.90 154.32 -164.68 95.95 107.19 91.83 151.33 5.86 6.31 4.67
2 3 171.24 -21.82 -69.70 -139.37 162.46 89.63 102.39 86.72 140.06 5.49 6.05 4.88
3 4 71.99 146.57 96.66 -71.78 163.07 132.63 73.11 134.31 133.63 6.23 4.07 6.82
4 5 -80.99 45.70 56.97 162.35 -161.36 130.78 82.97 100.95 147.36 6.97 5.14 6.90
5 6 156.44 -143.84 63.96 149.83 -152.09 98.93 117.29 87.04 133.45 5.93 6.33 4.73
6 7 145.06 -101.99 58.66 101.21 -135.78 116.31 71.77 116.21 144.97 10.00 7.65 4.84
8 9 169.14 -104.29 58.93 -169.49 172.02 104.56 103.19 95.98 151.61 6.15 6.12 4.39
9 10 152.34 163.91 52.23 -170.05 -144.20 94.48 100.58 128.27 145.91 5.76 5.75 7.38
10 11 -167.48 164.41 68.39 163.76 -160.06 119.06 101.35 86.47 151.95 6.25 5.87 4.37
11 12 164.83 -143.51 73.20 173.47 -166.17 101.64 99.89 93.15 147.65 6.00 5.94 4.67
12 13 172.63 -119.19 70.09 150.31 -149.83 93.09 95.24 91.65 149.06 5.60 5.71 4.12
