NNNNINNNNN,NNNNNNNN
1 2 173.99 -140.33 58.94 171.50 -162.53 105.38 119.23 84.33 151.28 6.25 6.66 4.51
2 3 151.14 -117.10 58.39 94.30 -144.27 107.09 128.08 85.20 134.30 6.18 6.79 5.00
3 4 159.86 -167.49 34.47 -168.59 -146.35 89.37 118.84 120.36 137.36 5.25 6.24 7.34
4 5 -74.70 87.61 87.86 -167.21 148.47 72.71 44.26 108.75 143.10 6.37 4.60 4.68
5 6 -149.53 149.58 57.08 6.42 155.37 103.15 120.51 117.54 96.55 5.88 6.56 8.61
6 7 178.35 -89.18 34.24 179.13 -149.07 116.07 84.17 121.71 146.90 6.52 5.16 4.98
7 8 152.92 178.06 75.24 152.84 -148.07 119.50 109.69 92.70 149.63 6.75 6.40 5.24
8 9 171.68 -143.39 76.43 164.31 -158.87 96.67 103.81 89.67 148.15 5.84 6.14 4.82
10 11 157.78 -157.40 80.06 155.03 -154.87 130.25 100.20 93.68 147.79 6.82 5.94 4.70
11 12 -177.04 -141.34 72.89 163.19 -160.43 97.26 100.01 83.07 153.96 5.79 5.88 4.43
12 13 173.27 -128.71 46.36 -135.22 175.87 99.77 126.44 84.71 160.65 5.90 6.82 5.09
13 14 -164.99 159.19 54.41 159.33 -167.08 145.44 111.78 104.52 140.26 6.63 5.86 6.23
14 15 -132.45 69.59 24.22 74.89 -156.94 135.11 96.13 98.42 138.49 6.69 5.33 6.68
15 16 121.60 -96.49 69.67 20.23 160.41 105.10 116.18 109.34 93.03 6.18 6.63 6.49
16 17 -163.08 -132.77 33.37 165.37 -143.45 139.58 105.22 107.44 148.23 7.36 6.28 4.08
