NNNN,NN
1 2 -165.28 146.30 35.17 166.19 -162.45 120.27 113.64 89.14 148.71 6.43 6.18 6.83
2 3 130.28 -140.47 72.46 170.19 -162.67 97.48 101.08 90.76 151.20 5.82 6.02 4.44
3 4 168.27 -137.66 70.55 174.41 -167.15 93.55 105.17 93.08 153.95 5.64 6.15 4.65
5 6 167.20 -121.39 67.71 162.15 -154.25 101.49 99.34 89.49 151.55 6.07 5.96 4.16
NINNN,NN
1 2 159.19 -101.24 -10.71 145.46 -152.11 109.56 121.52 94.17 151.65 8.62 9.39 8.53
2 3 83.09 -152.20 86.72 156.44 -162.85 91.02 112.78 96.46 148.88 5.60 6.52 6.07
3 4 -177.65 -150.81 69.82 164.58 -159.74 87.61 105.04 95.09 150.73 5.41 6.22 4.90
5 6 165.69 -110.70 79.59 -164.00 -153.41 90.27 102.12 106.83 151.57 5.58 5.97 5.34
NINNN,NIN
1 2 -158.20 160.53 30.47 148.26 -152.63 161.61 113.10 93.65 150.51 11.73 10.15 8.56
2 3 130.40 -141.60 72.45 142.80 -151.70 88.92 109.89 95.56 149.42 5.41 6.32 5.36
3 4 169.79 -137.77 68.15 145.15 -151.88 87.60 109.22 96.73 149.15 5.37 6.33 5.03
5 6 116.42 -64.49 35.61 144.56 -150.08 130.40 108.00 90.91 142.88 10.22 9.26 4.95
