NNNNNN,NINNNN
1 2 153.95 -136.70 67.52 159.14 -168.29 118.75 109.91 95.79 145.79 6.44 6.34 5.12
2 3 -173.37 165.26 -14.15 179.94 -169.99 88.90 119.71 87.89 144.51 5.25 6.16 7.57
3 4 81.42 -120.77 64.50 -166.70 -173.05 115.78 109.33 97.15 144.43 6.42 6.27 4.70
4 5 -164.80 -111.52 13.77 152.89 -144.84 124.18 104.65 125.97 149.85 6.54 6.07 5.56
5 6 141.83 -127.84 35.46 -173.12 -170.59 94.09 99.46 102.31 148.70 5.51 5.72 4.41
7 8 52.30 29.84 5.81 161.85 -160.20 145.01 103.09 93.13 146.26 10.78 9.49 8.35
8 9 103.64 -122.71 50.77 176.95 -152.37 98.81 112.97 96.03 149.41 5.94 6.37 4.39
9 10 153.69 -122.66 71.55 -150.05 173.49 109.37 105.98 88.34 154.68 6.09 6.12 4.82
10 11 154.40 -163.06 79.37 170.65 -163.93 88.56 101.31 90.59 145.84 5.52 6.08 4.80
NNNNNN,NNNNN
1 2 173.46 -168.07 74.23 -120.99 145.03 91.15 117.30 79.70 123.15 5.52 6.55 5.86
2 3 -177.02 125.74 -4.34 130.64 -150.26 123.55 111.44 93.47 145.99 6.77 6.32 8.58
3 4 97.95 -123.77 63.65 159.09 -159.24 88.65 101.79 95.04 150.64 5.37 6.04 4.45
4 5 169.12 -128.65 57.25 175.07 -162.53 91.59 106.12 94.42 151.68 5.51 6.09 4.48
5 6 158.26 -137.30 65.70 155.75 -151.33 99.59 105.38 92.47 151.41 5.83 6.07 4.49
7 8 -107.68 70.16 35.70 128.96 -152.85 122.94 117.08 87.73 147.13 6.11 6.16 6.83
8 9 135.44 -130.60 68.00 159.82 -154.20 82.58 105.51 90.48 148.80 5.02 6.13 4.60
9 10 167.86 -131.19 66.07 153.00 -150.58 92.56 102.54 87.30 146.74 5.57 6.01 4.21
10 11 163.56 -127.88 67.73 155.48 -149.30 98.84 104.77 90.16 151.86 5.87 6.14 4.44
