NNNNINN,NNNNIN
1 2 179.93 -144.03 83.14 -151.80 161.73 109.18 134.68 110.41 136.59 5.72 6.39 7.29
2 3 -137.92 77.64 43.36 -95.00 150.48 110.60 73.67 88.17 125.11 5.75 4.19 5.66
3 4 -160.38 136.83 35.34 -178.24 -157.78 150.29 105.28 109.63 147.76 7.04 5.79 6.03
4 5 151.99 -140.59 27.74 140.98 -150.87 137.16 84.23 93.06 145.30 11.26 8.67 5.08
5 6 115.40 -124.65 70.86 161.57 -159.56 99.39 130.71 92.91 152.96 5.49 6.61 5.33
7 8 168.32 -141.86 78.34 169.92 -170.98 128.65 126.27 89.03 149.41 6.46 6.36 5.15
8 9 177.99 -137.08 65.87 -173.25 -177.09 92.50 104.19 93.82 151.58 5.54 6.07 4.59
9 10 177.39 162.39 81.44 -179.43 167.40 90.85 115.76 80.11 142.58 5.31 6.32 6.99
10 11 -17.89 6.56 74.15 165.13 -162.66 128.43 42.56 92.90 147.80 9.56 4.57 4.12
