NNN,NNN
1 2 -177.67 135.86 89.27 124.62 -143.29 96.10 106.49 80.96 142.68 5.69 6.07 7.58
2 3 -162.09 -111.39 52.03 166.18 -160.32 94.12 108.53 96.44 147.38 5.50 6.14 4.73
4 5 177.57 -23.28 -69.48 -179.22 159.04 98.40 103.35 81.74 148.07 5.91 6.09 4.63
5 6 62.48 -178.47 81.62 -179.44 -142.31 134.38 80.84 102.30 142.86 6.47 4.43 4.99
NNN,NNIN
1 2 171.82 174.45 88.24 146.60 -151.35 101.45 100.53 92.22 147.45 6.11 6.05 6.27
2 3 -172.44 -143.79 71.99 171.74 -164.09 93.19 100.96 92.95 147.15 5.62 5.92 4.64
4 5 -173.29 -37.30 -49.98 137.79 -176.54 90.06 111.77 82.81 148.21 5.24 6.11 4.98
5 6 -91.25 3.33 103.58 129.25 -145.15 136.68 82.72 90.29 143.18 9.20 6.64 5.14
NINN,NNN
1 2 166.80 -157.69 35.47 -5.08 164.78 113.28 100.49 113.54 93.92 11.26 10.57 8.89
2 3 131.83 -136.62 71.36 134.57 -149.08 89.05 101.48 100.38 136.83 5.49 6.00 4.69
4 5 161.56 -140.44 74.55 165.30 -163.06 100.01 102.42 93.79 149.34 5.98 6.09 4.67
5 6 174.13 -137.49 63.21 169.77 -160.52 91.61 106.15 90.17 151.64 5.52 6.11 4.38
NNIN,NNN
1 2 178.42 -159.95 43.97 -175.04 -153.92 97.80 112.20 126.11 136.73 5.83 6.01 6.54
2 3 106.34 -65.65 44.58 158.55 -170.08 152.55 124.86 99.90 148.56 10.68 10.31 7.10
4 5 156.59 -146.85 70.33 162.24 -160.02 96.07 102.99 96.75 144.66 5.84 6.13 4.72
5 6 172.09 -144.25 65.05 -179.39 -167.71 99.33 102.95 93.68 151.16 5.95 6.10 4.52
