NNNNNNNNN,NN
1 2 -174.72 102.32 176.34 139.52 -147.34 100.86 89.29 86.97 139.23 5.79 5.21 10.65
2 3 -84.16 -125.24 67.28 151.97 -151.18 102.56 104.16 91.61 145.11 5.90 6.04 4.47
3 4 163.10 -130.37 70.85 151.82 -151.76 94.28 102.45 88.71 148.02 5.69 6.03 4.29
4 5 168.82 -125.42 66.67 167.38 -157.49 93.52 103.93 90.11 147.41 5.60 6.07 4.32
5 6 165.15 -112.78 -73.11 163.84 -171.63 92.56 128.49 90.22 147.22 5.56 6.89 7.46
6 7 28.92 -132.93 66.24 -163.16 173.82 95.23 102.43 87.05 149.40 5.68 6.01 4.33
7 8 173.14 -123.00 65.03 33.11 -160.93 97.34 119.39 113.19 101.28 5.76 6.63 6.80
8 9 -168.22 -140.63 -127.55 135.06 -151.54 80.28 132.44 91.73 142.99 4.71 6.62 10.54
10 11 160.10 -155.92 76.68 161.96 -160.40 94.94 99.91 98.69 143.90 5.78 5.99 5.14
