NNNN,NNNIN
1 2 -177.48 -164.96 64.06 169.58 -158.01 107.41 105.43 92.90 150.90 6.10 6.01 4.69
2 3 164.02 -148.04 71.98 156.21 -157.59 110.72 102.59 96.04 151.20 6.34 6.08 4.87
3 4 177.96 -109.28 60.28 164.31 -155.34 90.55 96.68 88.17 151.51 5.43 5.62 4.09
5 6 175.27 -133.96 67.60 167.84 -163.04 92.33 102.14 94.48 151.56 5.55 6.01 4.38
6 7 159.82 170.88 63.42 -171.03 -157.98 93.99 104.46 128.29 144.77 5.73 5.77 7.34
7 8 166.96 -113.73 23.47 115.31 -139.80 148.95 86.30 92.26 145.28 11.85 9.37 4.49
NNNN,NNNIIN
1 2 167.75 -144.88 74.80 163.52 -161.29 102.56 102.15 96.23 147.01 6.11 6.11 4.80
2 3 172.83 -148.85 68.33 176.54 -165.23 105.61 107.62 97.39 148.05 6.18 6.24 4.95
3 4 167.93 -119.32 66.46 156.21 -149.91 95.62 97.17 94.08 144.15 5.65 5.68 4.05
5 6 168.48 -127.63 66.04 173.56 -170.48 92.62 104.22 91.58 152.69 5.58 6.08 4.37
6 7 159.27 160.65 72.97 177.04 -155.81 95.30 104.58 114.24 143.89 5.79 5.78 7.31
7 8 109.80 6.64 -12.27 -173.95 -153.50 150.04 60.37 138.36 143.59 14.29 10.00 5.22
NNNN,NNNIIIN
1 2 173.93 -178.49 67.99 144.99 -150.88 124.88 112.94 93.41 151.05 6.80 6.50 5.12
2 3 164.16 -144.65 76.99 -177.16 -175.30 90.89 103.50 95.12 146.95 5.45 5.98 4.88
3 4 171.80 -110.82 53.40 155.48 -134.84 92.39 106.03 101.84 145.47 5.55 6.04 4.11
5 6 167.85 -136.94 75.43 179.05 178.54 111.57 106.46 82.04 138.30 6.39 5.94 4.11
6 7 -163.84 -52.10 -96.04 -104.36 145.10 154.01 110.65 126.58 137.76 6.83 6.00 7.97
7 8 -145.69 99.44 -1.83 -169.17 -144.46 150.14 57.19 149.68 152.17 14.63 9.86 4.69
NNNN,NNNN
1 2 163.94 -128.82 48.99 -144.09 -170.28 98.42 107.76 123.58 155.44 5.92 6.35 5.29
2 3 166.70 -168.96 67.48 154.43 -160.62 118.65 112.34 97.31 142.44 6.72 6.47 5.06
3 4 162.63 -137.90 69.10 162.48 -159.51 88.30 102.17 95.52 149.90 5.43 6.08 4.43
5 6 171.23 -126.66 68.62 147.24 -145.37 93.63 100.61 90.31 147.02 5.62 5.92 4.20
6 7 165.22 -163.41 44.96 -165.15 -153.96 98.37 101.86 136.27 140.31 5.85 5.89 6.80
7 8 177.21 -155.14 54.53 159.73 -160.03 114.38 104.58 92.64 152.81 6.39 6.14 4.29
