NNNNNNNNN,NNNNNNNNN
1 2 174.48 -144.45 68.66 152.04 -151.47 97.34 102.23 90.14 144.25 5.82 6.01 4.38
2 3 165.54 -119.56 50.45 14.13 152.89 102.61 110.26 116.74 91.96 6.07 6.28 5.12
3 4 176.67 -129.23 47.56 173.37 -166.26 113.95 102.56 91.86 145.98 6.16 5.84 4.31
4 5 164.68 -36.59 -55.65 179.92 167.62 91.98 106.65 85.22 143.02 5.29 5.91 4.77
5 6 81.48 159.31 124.09 -80.39 149.13 141.05 69.93 134.93 114.76 6.76 3.99 6.96
6 7 -74.28 55.33 52.94 150.60 -155.55 122.73 95.39 89.75 149.53 6.65 5.73 7.20
7 8 151.91 -142.72 70.18 142.63 -148.27 94.02 110.47 92.16 144.93 5.65 6.39 5.22
8 9 167.63 -115.25 72.54 159.34 -156.06 89.59 101.44 94.30 149.95 5.45 6.00 4.69
10 11 169.20 -109.90 57.21 -161.09 154.01 127.16 110.94 97.79 130.46 6.80 6.34 5.07
11 12 154.80 174.98 37.08 -162.37 -143.33 109.43 115.49 128.55 139.09 6.36 6.09 7.39
12 13 -169.63 158.59 65.72 159.81 -157.22 124.38 108.30 90.93 146.27 6.15 6.14 4.78
13 14 163.47 176.72 77.04 136.75 -147.55 96.74 112.70 92.27 141.88 5.77 6.45 6.59
14 15 173.48 -151.36 75.22 138.68 -147.46 92.12 107.49 91.25 143.09 5.60 6.28 5.20
15 16 171.00 -142.37 74.50 158.06 -157.64 92.90 104.69 93.17 152.07 5.65 6.17 4.90
16 17 172.27 -142.32 67.30 158.50 -155.23 92.10 104.05 89.98 148.70 5.59 6.10 4.45
17 18 167.53 -127.87 67.41 147.86 -152.72 92.00 117.47 93.38 151.93 5.51 6.56 5.47
