NNNN,NNNNN
1 2 169.65 -140.11 68.02 171.55 -161.19 96.06 101.51 92.38 150.47 5.76 5.98 4.39
2 3 167.15 -145.68 68.23 172.57 -153.10 93.32 102.62 90.40 152.15 5.58 5.96 4.45
3 4 161.87 -143.88 73.47 153.13 -146.55 101.60 101.16 90.10 144.40 5.98 6.00 4.38
5 6 161.46 -130.53 69.54 150.88 -152.50 109.99 105.36 94.25 146.87 6.32 6.19 4.62
6 7 168.98 119.99 79.14 143.58 -155.83 97.68 111.32 88.79 145.05 5.85 6.37 8.45
7 8 179.66 -123.59 62.48 153.56 -150.57 90.10 100.89 92.43 147.97 5.47 5.98 4.14
8 9 161.20 -122.77 72.87 143.45 -155.99 93.14 109.94 94.16 152.07 5.59 6.28 5.16
NNNN,NNINNN
1 2 177.37 -155.52 67.58 175.78 179.46 92.21 112.79 88.16 154.85 5.62 6.49 5.27
2 3 168.79 -130.90 64.11 -153.28 175.32 91.65 102.34 99.32 143.31 5.56 6.03 4.66
3 4 167.44 -139.14 80.20 138.57 -158.77 93.04 118.49 95.96 143.98 5.56 6.56 6.30
5 6 163.81 -143.11 69.73 173.58 -166.93 105.41 108.53 94.24 151.74 6.25 6.37 4.85
6 7 139.82 150.21 72.67 131.18 -141.95 93.99 109.85 91.73 143.92 10.51 11.43 10.36
7 8 171.48 -120.67 62.74 163.32 -153.60 91.51 102.73 91.99 148.35 5.56 6.06 4.22
8 9 154.57 -140.08 71.32 148.81 -143.73 99.02 105.66 89.52 144.03 5.91 6.19 4.43
