NNNN,NNN
1 2 177.00 -126.44 67.50 -176.68 -176.50 99.57 100.61 88.55 153.83 5.96 6.00 4.11
2 3 167.03 -142.98 75.73 -151.91 158.50 103.34 101.87 82.53 135.01 6.12 6.05 4.64
3 4 -164.08 147.85 39.79 141.83 -149.87 131.92 113.21 90.49 151.02 6.74 6.17 7.06
5 6 170.42 -122.69 50.99 -176.94 -146.71 86.75 104.85 121.52 145.52 5.39 6.18 4.89
6 7 166.81 -160.73 72.31 149.74 -152.40 115.60 101.10 90.60 147.30 6.48 5.94 4.36
NNNIIN,NNN
1 2 172.15 -122.62 65.92 165.05 -158.49 96.86 102.52 90.27 147.75 5.86 6.11 4.19
2 3 177.26 83.91 21.31 46.62 -153.21 89.61 91.65 89.94 96.22 5.24 5.24 7.37
3 4 103.78 -38.08 10.90 140.68 -147.14 84.26 135.04 90.69 142.37 9.17 11.85 9.87
5 6 172.44 -140.76 76.14 159.01 -155.06 97.06 101.83 94.10 145.60 5.82 6.05 4.72
6 7 174.14 -120.01 65.91 153.67 -149.80 98.26 101.01 91.77 146.17 5.87 5.99 4.21
