NNNNNNNN,NNNNIN
1 2 165.27 -139.17 74.09 167.36 -169.36 106.19 105.61 91.73 147.91 6.22 6.24 4.76
2 3 173.91 13.07 131.59 140.12 -153.47 97.97 94.47 87.91 146.42 5.90 5.68 10.05
3 4 -129.95 -132.70 64.07 155.30 -149.34 90.86 107.02 87.80 147.92 5.47 6.19 4.40
4 5 158.84 -130.90 71.79 150.82 -143.93 97.12 102.20 88.13 146.31 5.77 6.01 4.26
5 6 166.57 -116.50 74.33 147.16 -153.89 97.85 105.39 95.25 148.13 5.82 6.17 4.89
6 7 173.78 -129.15 64.62 157.10 -161.58 92.14 107.77 94.35 151.41 5.59 6.25 4.69
7 8 166.84 -133.06 64.63 163.22 -160.93 90.00 106.02 93.09 151.22 5.45 6.13 4.65
9 10 174.85 -140.65 65.08 152.95 -146.50 112.00 104.82 89.54 148.15 6.50 6.20 4.41
10 11 164.28 -131.66 68.70 150.65 -143.23 98.38 101.67 86.81 146.40 5.84 5.95 4.23
11 12 165.89 -137.12 76.60 167.36 -159.46 100.57 104.62 89.74 149.82 5.90 6.07 4.85
12 13 -166.56 -157.86 61.49 155.73 -155.67 70.09 72.36 97.62 144.39 8.33 8.49 8.01
