NNNNNN,NNNINNNNN
1 2 176.09 -142.62 64.88 162.39 -156.93 94.94 104.82 90.48 148.92 5.73 6.14 4.45
2 3 163.41 -133.82 67.82 172.56 -164.25 99.11 101.88 91.77 146.58 5.90 6.02 4.37
3 4 163.57 -161.92 81.26 -150.76 155.56 101.94 104.33 96.98 126.44 6.07 6.17 5.73
4 5 -173.39 -164.92 66.74 -152.43 152.49 122.41 109.17 94.02 136.11 6.76 6.29 5.16
5 6 175.59 171.36 114.35 -164.89 -149.28 144.21 74.79 96.48 145.85 6.84 4.10 5.38
7 8 161.96 -138.98 71.14 158.03 -158.37 93.40 105.01 99.68 146.37 5.62 6.14 4.89
8 9 165.73 -172.33 47.12 -179.06 160.08 86.65 129.79 127.82 141.03 5.33 6.91 8.16
9 10 -94.56 72.09 56.69 -168.63 155.39 71.24 58.25 88.02 134.77 5.74 4.92 5.10
10 11 160.71 114.92 79.58 144.56 -148.20 110.25 75.40 86.27 138.98 6.28 4.65 7.26
11 12 177.55 -118.41 66.02 156.38 -158.62 99.79 104.83 95.19 148.67 5.79 6.13 4.57
12 13 167.05 -119.87 58.59 168.55 -161.33 91.91 108.96 91.35 151.44 5.55 6.29 4.54
13 14 153.76 -128.68 69.51 146.86 -154.12 92.10 111.36 100.07 149.01 5.61 6.43 5.24
