NNNNINNNNNIN,NNIN
1 2 168.28 -137.11 80.20 146.65 -147.72 100.40 101.42 95.59 137.98 5.96 5.99 5.00
2 3 -179.42 171.94 134.46 -24.67 -169.82 109.04 121.53 119.99 93.74 6.30 6.76 9.92
3 4 -113.14 59.31 24.09 -127.51 156.88 96.56 89.86 104.15 136.35 5.71 5.41 8.45
4 5 97.84 -96.80 -30.84 146.51 174.80 95.93 111.32 98.18 144.85 7.58 8.35 4.50
5 6 92.22 -58.76 -28.80 -178.08 162.01 115.23 124.50 134.02 139.08 6.30 6.59 8.38
6 7 100.70 91.34 41.02 143.41 -151.25 97.46 99.95 92.73 148.12 5.66 5.80 7.13
7 8 143.72 -114.75 57.48 -164.94 177.92 94.12 104.27 92.94 155.99 5.66 6.10 4.33
8 9 154.10 -25.81 -63.24 155.55 176.72 99.58 104.79 85.87 144.18 6.00 6.22 4.56
9 10 -104.38 -4.31 130.40 127.73 -140.59 135.81 72.75 87.29 139.62 8.80 5.76 5.37
11 12 176.31 -134.68 70.55 -141.65 156.05 94.50 108.83 80.28 141.14 5.47 6.03 4.88
12 13 109.21 -57.83 92.06 -130.87 143.50 135.83 121.61 77.48 123.36 10.05 9.51 7.65
