NNNNNN,NNNNNN
1 2 171.94 -127.26 66.10 -178.89 -168.34 98.20 99.72 95.81 148.54 5.85 5.90 4.22
2 3 166.21 143.13 88.68 152.85 -156.07 117.40 100.47 95.82 146.49 6.68 6.03 7.63
3 4 -171.66 -116.53 62.25 156.70 -154.94 87.57 101.26 91.48 144.01 5.32 5.93 4.16
4 5 162.42 -125.06 61.96 164.94 -151.70 91.03 104.31 91.10 143.47 5.46 6.01 4.20
5 6 155.15 -141.72 80.29 153.47 -155.46 105.28 102.77 95.85 148.03 6.19 6.12 5.00
7 8 170.49 -155.15 74.63 164.77 -154.81 90.65 101.93 91.53 145.96 5.54 6.03 4.78
8 9 170.78 -129.01 72.65 164.74 -157.80 100.37 100.37 90.51 146.93 5.96 5.97 4.33
9 10 167.53 165.86 83.23 157.44 -155.88 110.34 104.75 90.42 151.86 6.45 6.23 6.67
10 11 -179.21 -132.51 67.92 147.22 -153.84 94.58 101.09 96.15 142.92 5.70 5.99 4.41
11 12 163.95 -132.41 69.56 152.05 -158.08 88.89 102.08 88.91 147.17 5.43 6.04 4.25
