NNN,NN
1 2 -166.19 162.93 36.87 159.95 -156.63 134.43 123.00 92.59 150.17 6.80 6.45 6.89
2 3 135.77 -116.63 69.10 144.57 -148.69 91.78 104.78 94.56 145.37 5.51 6.12 4.78
4 5 172.49 -129.34 67.54 159.50 -155.00 95.84 100.40 92.07 150.16 5.72 5.93 4.20
NINN,NN
1 2 -100.07 -153.35 -34.76 170.76 -164.33 152.35 137.03 92.59 150.77 8.34 7.92 7.41
2 3 56.48 -86.65 44.27 -157.27 -148.13 104.96 103.89 139.41 147.36 6.17 5.84 5.21
4 5 171.45 -156.83 73.73 154.02 -150.70 102.78 101.77 87.11 145.40 6.12 6.01 4.35
NIINN,NN
1 2 -177.34 175.99 58.08 151.25 -150.89 154.42 163.98 89.86 149.53 9.49 9.60 9.82
2 3 154.99 -118.06 68.24 153.26 -151.89 98.69 98.86 89.06 150.67 5.92 5.95 4.11
4 5 176.92 -124.86 61.08 155.21 -150.57 94.38 103.93 90.05 147.70 5.70 6.11 4.14
