NNN,NNNNN
1 2 137.34 -109.88 63.71 147.48 -156.32 94.09 106.73 93.03 146.17 5.76 6.32 4.64
2 3 161.59 -128.08 65.72 155.51 -158.62 91.30 102.77 93.66 149.87 5.59 6.12 4.37
4 5 -176.78 -132.12 69.34 -151.86 158.54 95.19 104.11 82.58 137.38 5.69 6.07 4.46
5 6 -162.04 158.39 -16.53 -150.79 -176.47 133.98 100.87 110.34 153.45 6.60 5.49 7.36
6 7 117.55 -157.31 82.94 146.27 -153.88 111.57 114.18 96.30 149.51 6.09 6.28 6.99
7 8 -180.00 -135.76 68.45 150.97 -151.51 90.51 100.85 93.12 148.88 5.54 6.02 4.31
NIINN,NNNNN
1 2 122.09 -71.94 9.90 145.42 -136.36 162.97 83.09 109.49 136.30 13.84 10.33 5.84
2 3 128.50 -145.49 52.34 -179.68 -159.89 103.17 108.81 97.56 138.21 5.76 5.87 4.65
4 5 176.12 -139.11 42.89 -145.82 -166.00 112.02 113.34 104.44 155.23 6.15 5.96 4.90
5 6 -170.83 118.54 42.65 85.83 -140.15 155.08 110.16 107.11 132.22 7.32 6.37 6.83
6 7 140.76 -145.38 69.95 -168.02 172.94 71.97 103.65 96.99 149.01 4.52 6.09 5.00
7 8 -175.32 -100.10 50.38 126.94 -147.70 97.79 114.75 96.01 142.23 5.68 6.32 5.71
