NNNNNNNNN,NNNN
1 2 163.96 -143.54 75.70 148.17 -147.80 92.89 102.37 92.21 143.18 5.65 6.08 4.55
2 3 171.94 -130.61 71.64 157.97 -160.23 97.64 101.75 92.49 140.85 5.85 6.00 4.41
3 4 171.02 -127.93 58.97 163.60 -156.41 98.32 103.76 92.24 150.99 5.88 6.13 4.11
4 5 -175.71 82.21 26.86 54.60 -164.58 118.69 79.93 96.35 89.85 6.12 4.57 6.66
5 6 139.47 -95.00 -12.90 119.72 -168.75 102.96 130.47 88.32 134.66 5.85 6.77 4.96
6 7 111.68 105.83 50.36 -132.97 151.57 141.11 68.29 86.70 122.47 6.96 4.17 5.25
7 8 148.68 -160.32 56.65 -173.39 -165.64 129.07 98.62 94.29 141.59 7.03 5.82 4.33
8 9 155.65 -128.77 68.34 170.80 -158.03 109.01 99.86 91.76 144.04 6.22 5.94 4.16
10 11 176.51 -124.03 68.27 -177.66 -170.61 95.44 100.42 91.60 151.81 5.73 5.96 4.25
11 12 166.64 -15.95 -71.37 -177.78 168.73 97.63 101.90 79.28 141.40 5.89 6.00 4.70
12 13 27.43 105.06 100.12 154.88 -158.30 146.89 88.58 93.59 144.51 7.29 5.38 9.32
