NNNN,NNNNNNNNNNNNNNNNN
1 2 -173.00 -141.92 66.92 -153.26 161.98 104.12 105.94 86.55 150.46 6.13 6.17 4.74
2 3 -162.52 -160.27 93.58 142.80 -139.02 96.53 119.07 84.74 143.25 5.36 6.13 7.69
3 4 -172.82 -128.84 76.91 149.18 -149.39 99.56 106.03 93.89 145.51 5.85 6.18 4.95
5 6 174.25 -135.38 71.17 155.29 -155.68 96.38 100.71 92.82 151.59 5.80 6.02 4.43
6 7 171.36 -139.39 144.88 152.02 -168.32 88.00 125.26 88.39 148.02 5.32 6.53 8.71
7 8 -113.79 -129.28 65.43 -162.75 176.98 84.33 102.77 92.92 148.34 5.06 6.09 4.53
8 9 169.90 -109.66 64.34 -171.22 -179.67 89.93 100.48 90.53 156.22 5.37 5.86 4.47
9 10 165.49 -116.44 -62.23 142.95 -154.08 92.08 121.43 86.71 146.04 5.55 6.69 6.73
10 11 37.81 -131.62 64.92 156.14 -156.56 90.15 106.05 94.94 144.93 5.46 6.17 4.74
11 12 162.06 -115.38 48.00 174.92 -149.01 99.94 104.12 127.45 147.18 5.96 6.10 5.04
12 13 173.64 167.63 74.34 160.31 -163.71 114.29 103.44 97.03 148.15 6.48 6.11 5.21
13 14 173.22 -141.72 67.26 172.92 -164.89 90.10 100.83 96.38 151.71 5.51 6.02 4.50
14 15 177.37 -37.61 -60.04 175.71 165.97 90.76 100.40 84.02 142.82 5.39 5.82 4.32
15 16 72.72 167.20 145.14 -113.31 154.95 139.11 67.92 147.69 128.07 6.75 3.85 7.28
16 17 -51.45 85.29 34.94 138.82 -148.69 103.40 113.81 91.98 145.79 5.80 6.44 7.00
17 18 134.27 -138.06 66.50 154.37 -153.42 94.87 103.26 96.92 152.06 5.74 6.14 4.70
18 19 162.08 -134.97 67.66 160.41 -156.94 93.11 101.48 103.85 140.65 5.68 6.05 4.61
19 20 162.92 -148.01 74.88 149.07 -151.32 96.58 100.74 90.95 147.04 5.86 6.03 4.39
20 21 175.32 -127.77 62.96 160.06 -154.67 90.99 104.99 95.76 151.25 5.50 6.11 4.55
