NNNNN,NNNNNN
1 2 -135.64 88.43 62.46 179.28 167.42 139.73 130.49 85.72 143.79 6.78 7.04 7.20
2 3 157.15 -96.94 -50.24 175.68 169.18 130.91 123.98 86.04 143.84 7.17 6.92 5.55
3 4 54.99 -80.61 65.04 125.38 -144.96 126.83 132.49 88.10 143.84 6.92 7.04 7.38
4 5 165.16 -133.25 74.21 170.83 -167.08 84.29 103.29 96.03 151.04 5.16 6.09 5.06
6 7 178.86 -107.29 25.41 -160.54 -175.08 94.15 110.51 118.38 141.66 5.61 5.90 4.88
7 8 -138.97 95.57 9.28 168.78 -147.97 122.27 101.93 120.31 142.11 6.11 5.76 6.55
8 9 130.29 -156.67 59.79 158.30 -154.20 114.09 103.81 94.54 149.51 6.47 6.10 4.37
9 10 157.98 -147.02 69.69 153.61 -155.08 100.77 110.19 98.44 148.13 6.03 6.39 5.33
10 11 168.29 -126.34 67.39 163.61 -156.78 89.15 100.58 89.66 151.21 5.45 5.98 4.22
