NNNIIIN,NN
1 2 175.95 145.64 -107.37 124.83 -145.34 88.73 132.39 88.68 151.66 5.41 7.10 10.41
2 3 -5.86 -125.64 60.37 -176.33 176.33 95.54 112.95 93.40 155.72 5.73 6.44 5.00
3 4 -151.18 37.91 -99.04 -103.27 153.22 22.33 95.70 133.55 136.79 8.30 12.53 14.82
5 6 173.38 -144.54 75.48 156.41 -148.93 90.69 100.74 97.14 151.83 5.55 6.00 4.66
NNNN,NN
1 2 173.99 150.07 -56.49 121.31 -142.58 74.15 125.20 86.22 141.48 4.55 6.66 9.40
2 3 47.01 -112.74 57.00 151.85 -151.77 85.52 106.70 94.13 149.62 5.19 6.18 4.50
3 4 155.48 12.42 -80.09 -136.77 -168.17 90.29 114.70 146.92 149.03 5.48 6.13 9.64
5 6 174.78 -137.40 68.63 158.08 -157.74 95.95 103.52 93.83 151.45 5.79 6.12 4.53
