NNN,NNNNN
1 2 165.76 -141.77 70.83 156.58 -157.03 85.87 101.18 96.26 141.90 5.30 5.99 4.45
2 3 164.44 -125.04 56.32 139.86 -130.01 93.27 109.84 115.95 145.33 5.67 6.36 5.12
4 5 174.80 -149.58 69.74 171.36 -162.57 91.82 101.27 87.77 147.53 5.53 5.90 4.37
5 6 171.30 -139.53 63.09 -179.21 -160.47 100.85 104.24 87.06 143.75 5.82 5.96 4.25
6 7 -168.32 165.37 83.51 -165.94 149.91 130.53 110.23 86.37 137.29 6.32 5.61 6.38
7 8 162.40 -155.00 40.31 131.96 -155.10 141.42 96.86 109.33 138.76 6.71 5.40 4.72
NNN,NNNINN
1 2 149.39 -135.50 66.89 145.57 -146.26 97.06 106.14 95.58 145.60 5.88 6.24 4.64
2 3 162.71 -133.22 73.22 146.58 -152.81 88.74 108.84 93.20 146.66 5.39 6.31 4.97
4 5 -177.01 -148.51 59.95 -164.84 179.50 90.20 110.38 88.23 150.44 5.38 6.15 4.95
5 6 164.74 -144.53 66.63 -139.16 165.20 99.10 105.06 86.31 148.17 5.75 6.01 4.68
6 7 151.89 -149.61 71.05 92.94 -163.14 154.81 54.12 112.60 100.95 12.24 7.14 5.31
7 8 -136.73 -111.60 -37.39 151.10 -159.91 125.31 117.87 100.18 144.04 6.61 6.56 5.79
