NNNNN,NNINNNIN
1 2 175.15 -152.50 77.56 -141.64 -169.71 83.00 107.59 130.43 152.97 5.06 5.84 6.68
2 3 -134.14 174.25 56.82 -159.26 171.21 113.78 101.81 95.33 143.81 6.09 5.89 4.43
3 4 154.81 -96.37 53.41 160.13 -139.35 92.16 101.13 108.71 143.40 5.56 5.97 4.60
4 5 167.95 -160.23 72.87 158.87 -165.83 124.53 109.00 95.52 152.76 6.80 6.29 5.20
6 7 169.09 -27.46 -68.44 176.42 160.93 91.92 103.12 82.49 143.88 5.61 6.05 4.46
7 8 -117.00 2.38 134.69 139.21 -153.12 120.93 77.96 85.76 144.64 7.92 5.80 5.56
8 9 -121.30 -120.92 58.18 164.82 -158.88 89.66 104.37 92.24 149.60 5.32 5.98 4.24
9 10 152.54 -133.58 70.30 171.23 -174.81 98.71 106.14 101.31 146.12 5.86 6.20 4.88
10 11 -164.86 -164.01 38.69 157.71 -160.62 117.39 78.71 91.32 151.68 10.67 8.45 6.47
