NNNNNNN,NNNNN
1 2 166.12 -129.05 64.73 -177.89 -169.00 95.77 102.39 94.92 146.94 5.68 6.02 4.29
2 3 176.69 105.52 64.46 176.72 -147.28 87.38 72.92 96.93 139.66 5.11 4.23 7.03
3 4 175.37 3.05 -149.01 126.92 -145.27 142.88 85.92 89.90 142.54 7.11 5.32 8.87
4 5 -47.23 -121.88 61.17 152.28 -153.74 88.72 108.26 89.74 149.36 5.36 6.19 4.51
5 6 168.46 -108.91 53.40 -179.80 -166.60 92.57 106.11 86.77 155.88 5.47 6.01 4.25
6 7 151.96 12.33 -80.22 -174.25 -153.77 103.39 114.15 142.29 149.08 6.01 6.19 9.24
8 9 -153.19 -125.74 -128.23 157.09 -154.14 123.51 131.29 103.52 140.09 6.10 6.31 10.02
9 10 -2.42 -129.84 31.56 -141.89 -179.98 100.81 123.55 87.73 150.78 5.55 6.05 4.93
10 11 169.27 171.35 -175.45 155.66 -150.75 118.28 139.67 83.55 153.55 5.66 6.49 10.42
11 12 -79.81 -114.29 70.65 161.23 -155.18 98.25 98.67 90.16 151.15 5.83 5.86 4.18
