NNNNNN,NNNNNNNNN
1 2 177.67 -157.29 77.35 175.12 -174.49 104.92 102.91 93.42 150.19 6.24 6.17 5.11
2 3 -178.93 -129.54 59.54 -166.74 -178.18 95.17 103.70 89.46 150.00 5.73 6.06 4.23
3 4 154.11 -157.83 114.53 147.91 -148.17 95.78 115.98 94.96 146.57 5.80 6.64 7.51
4 5 -154.11 -148.35 81.40 162.41 -163.08 94.18 102.72 91.79 151.04 5.74 6.13 4.87
5 6 178.34 -99.78 55.19 173.39 -145.29 92.97 101.36 103.35 142.07 5.64 5.91 4.29
7 8 173.02 -142.54 66.51 166.83 -162.17 98.26 103.99 93.40 145.77 5.88 6.13 4.48
8 9 161.89 175.12 104.69 -148.08 162.32 97.97 109.03 140.29 125.86 5.92 6.37 9.36
9 10 -133.76 144.68 58.01 151.67 -157.08 97.46 115.60 87.60 151.63 5.77 6.51 5.53
10 11 154.59 -140.31 72.80 171.10 -176.09 92.24 111.21 92.91 154.67 5.63 6.44 5.33
11 12 170.26 -115.68 41.32 -173.28 -150.51 87.27 106.09 113.67 150.12 5.38 6.19 4.46
12 13 157.69 -167.48 63.73 160.77 -149.65 117.63 107.30 95.54 148.33 6.52 6.17 4.74
13 14 156.29 -143.73 79.66 153.21 -155.13 99.35 102.07 92.42 140.86 5.93 6.07 4.70
14 15 175.94 -137.65 73.47 152.54 -159.22 101.59 104.29 92.74 150.84 6.05 6.17 4.74
