NNNN,NNNNNNNNINNINN
1 2 155.06 -146.95 81.98 162.05 177.17 100.36 98.64 84.53 143.26 5.81 5.94 4.69
2 3 -139.30 -161.71 110.06 26.62 -157.64 137.61 134.00 81.91 99.50 6.59 6.50 8.58
3 4 -134.89 -94.19 82.82 141.30 -149.66 143.24 120.96 91.15 149.65 7.17 6.58 7.70
5 6 167.79 -121.63 20.41 -118.12 -164.33 111.52 95.24 141.44 148.14 6.28 5.08 4.19
6 7 -170.64 -73.08 177.09 -142.75 -178.29 115.08 118.36 73.51 150.86 5.88 6.18 9.29
7 8 -101.42 -140.85 84.52 -127.34 147.31 135.97 108.68 81.41 144.51 6.86 6.40 5.54
8 9 -177.85 -120.81 46.15 -144.84 -170.23 92.76 112.84 90.28 151.38 5.64 6.29 4.08
9 10 159.97 -158.62 37.08 -167.60 -151.24 115.19 118.46 88.68 155.16 6.00 5.97 4.77
10 11 143.13 -142.21 60.23 151.07 -155.01 128.85 104.89 94.21 145.43 6.49 5.96 4.43
11 12 165.09 -156.54 76.78 -163.70 -171.03 72.30 109.94 78.03 149.03 4.35 5.80 4.97
12 13 152.40 -68.90 17.61 -139.18 -175.10 99.71 120.85 111.86 152.39 11.18 12.49 9.88
13 14 131.98 35.86 38.95 -57.56 150.34 126.43 109.92 92.69 118.21 7.01 5.99 8.67
14 15 111.98 -52.38 32.22 143.19 -153.36 136.23 57.94 92.06 151.12 11.07 7.13 4.66
15 16 127.39 -137.91 66.87 144.76 -150.48 88.16 101.32 96.04 143.98 5.43 6.06 4.38
