NNNNNNN,NNNNNNN
1 2 171.43 -129.01 67.51 150.73 -151.05 99.11 102.05 90.15 145.52 5.89 6.00 4.21
2 3 165.26 -132.67 65.51 160.93 -150.78 104.76 101.20 100.01 145.74 6.10 5.94 4.39
3 4 169.93 138.64 87.78 137.22 -146.24 120.55 101.48 95.27 147.36 6.73 6.08 7.54
4 5 -176.64 -107.09 52.50 168.65 -154.48 88.64 109.70 103.25 129.99 5.42 6.16 4.59
5 6 167.68 -131.35 51.50 152.97 -150.88 112.08 103.02 90.98 150.56 6.08 5.85 4.02
6 7 149.19 -135.37 73.35 165.30 -169.06 99.98 105.56 97.37 154.76 5.88 6.13 5.02
8 9 178.63 -166.74 47.89 176.43 -161.50 111.97 121.88 89.17 149.38 6.11 6.44 5.40
9 10 138.88 -128.87 78.79 169.21 -159.63 101.72 102.21 88.12 150.77 5.85 5.97 4.38
10 11 169.70 179.14 78.01 169.94 -157.03 104.92 110.14 96.34 151.64 6.19 6.41 6.51
11 12 164.42 -152.81 86.94 162.84 -162.97 89.34 101.29 93.02 157.15 5.46 6.01 4.84
12 13 173.03 -132.24 78.54 134.28 -150.64 92.24 101.24 91.04 143.52 5.66 6.04 4.37
13 14 175.06 -116.39 58.35 145.28 -146.56 96.56 106.86 97.73 138.17 5.81 6.26 4.42
