NINNNNN,NNNNNNNN
1 2 146.33 179.38 105.81 -158.84 -170.92 59.48 95.93 121.16 154.30 7.50 9.89 11.29
2 3 -133.63 -178.87 61.56 -167.11 -173.97 109.73 105.10 88.84 152.62 6.27 6.08 4.48
3 4 159.90 -138.07 57.38 -169.42 -163.51 108.45 105.64 98.19 147.07 6.31 6.20 4.52
4 5 154.26 -136.27 70.99 144.19 -145.28 116.48 103.73 94.93 146.74 6.66 6.22 4.50
5 6 170.79 -105.86 61.97 148.09 -154.69 92.75 106.92 91.54 153.67 5.59 6.20 4.74
7 8 172.57 -147.82 67.62 170.53 -161.42 86.69 100.28 96.01 144.59 5.32 5.92 4.57
8 9 173.61 -131.42 33.10 -157.13 -151.46 96.36 110.90 115.51 147.19 5.66 5.86 4.78
9 10 -179.70 172.39 60.76 162.43 -159.07 134.30 105.58 96.28 149.83 6.67 6.16 4.73
10 11 157.98 -140.18 71.32 -156.84 -167.40 99.44 120.50 130.56 149.37 5.97 6.69 7.28
11 12 -156.52 171.41 59.19 -169.22 -174.43 109.76 104.72 91.40 152.14 6.21 6.09 4.49
12 13 156.41 -149.79 65.16 177.55 -160.83 105.00 101.26 94.33 148.56 6.21 6.05 4.50
13 14 163.06 -132.99 67.86 159.69 -151.65 101.91 99.78 92.01 142.61 6.03 5.91 4.11
