NNINN,NNN
1 2 168.24 -23.14 -63.27 178.52 165.99 99.40 104.45 85.11 141.44 5.99 6.18 4.57
2 3 -168.10 13.58 62.17 139.48 -145.44 126.56 54.99 89.78 143.13 8.68 4.77 3.67
3 4 156.80 -138.38 78.70 156.22 -158.65 94.67 102.49 97.37 147.80 5.72 6.09 5.03
5 6 174.17 -128.05 61.59 -153.77 157.91 86.18 106.80 98.05 123.85 5.26 6.18 4.91
6 7 176.32 148.44 80.11 134.17 -144.94 119.50 84.75 84.07 138.87 6.60 5.04 5.60
NNNN,NNN
1 2 174.02 -170.47 78.17 167.36 -165.55 95.94 107.71 92.39 152.28 5.81 6.31 5.78
2 3 174.82 -139.42 62.23 173.64 -161.06 90.68 105.65 100.18 140.61 5.52 6.18 4.72
3 4 159.33 -140.90 67.66 160.29 -150.32 102.42 103.28 96.51 143.60 6.04 6.10 4.40
5 6 169.77 -138.20 68.84 168.11 -162.26 92.85 103.47 96.55 153.56 5.61 6.09 4.61
6 7 167.00 -142.75 66.83 162.18 -154.35 91.33 108.21 91.63 151.05 5.52 6.26 4.74
NNNN,NINN
1 2 174.61 -159.22 73.99 151.49 -151.70 102.85 102.98 92.80 142.60 6.17 6.13 4.86
2 3 169.77 -149.66 80.27 158.23 -160.80 90.27 99.26 85.32 146.91 5.45 5.77 4.51
3 4 179.06 -137.07 78.01 -170.74 162.67 98.08 101.10 87.66 134.15 5.74 5.94 4.75
5 6 168.07 -112.84 42.50 104.50 -140.77 113.15 86.77 99.10 151.95 12.62 11.00 9.08
6 7 134.60 -153.11 75.07 161.72 -162.67 74.92 110.15 97.57 147.02 4.61 6.42 5.54
NNNN,NNIIN
1 2 152.93 -132.98 70.82 165.74 -156.92 106.83 101.18 100.48 140.97 6.23 6.03 4.65
2 3 165.19 -158.38 77.32 152.72 -150.79 102.07 104.18 96.50 148.68 6.09 6.16 5.03
3 4 174.59 -146.83 70.03 165.30 -158.37 92.92 101.83 93.58 150.29 5.60 5.98 4.50
5 6 179.78 -145.86 66.30 174.85 -169.92 102.28 104.62 93.10 151.43 6.04 6.17 4.74
6 7 130.02 -47.41 -18.74 -176.60 -138.43 138.09 96.54 130.74 140.35 16.71 14.46 11.23
