NNNNNNN,NNNNNNN
1 2 163.05 -156.97 74.15 179.24 -171.63 98.74 103.93 108.71 142.25 5.96 6.21 5.73
2 3 171.53 -168.35 73.42 162.66 -159.71 97.53 101.18 95.84 151.18 5.93 6.07 4.84
3 4 168.71 -131.39 73.83 -159.15 -164.49 94.45 119.81 128.63 147.92 5.72 6.71 7.11
4 5 -162.35 170.17 65.07 -172.02 -169.89 108.09 106.11 88.30 152.78 6.17 6.06 4.62
5 6 160.60 -139.49 72.07 176.90 -165.47 108.33 101.46 89.87 150.05 6.27 6.06 4.47
6 7 167.81 -120.48 49.83 176.60 -146.11 106.63 106.49 112.77 143.47 6.29 6.19 4.61
8 9 -179.12 -15.97 -66.82 -163.35 155.84 100.51 100.22 82.02 144.08 5.99 5.97 4.79
9 10 21.87 146.80 35.24 -98.16 143.33 156.24 69.19 97.84 136.30 7.01 4.12 5.32
10 11 127.84 -104.27 172.52 158.39 -167.89 93.50 90.74 137.08 151.25 5.73 5.56 7.07
11 12 -91.18 -177.42 55.63 178.13 -165.86 79.82 111.78 89.52 150.65 4.96 6.43 4.64
12 13 148.61 -142.83 68.64 166.72 -152.76 100.72 101.24 93.68 147.96 6.03 6.06 4.38
13 14 164.23 -97.29 70.61 134.36 -145.66 96.92 103.16 91.35 140.49 5.78 6.06 5.01
NINNNNNN,NNININNNN
1 2 162.68 -136.73 67.06 -174.59 -171.61 94.30 118.45 103.36 150.52 10.36 11.68 9.71
2 3 164.61 -147.20 80.07 -167.41 -162.99 103.79 115.12 125.93 147.27 6.16 6.60 6.95
3 4 -157.43 177.06 59.98 -176.78 -165.97 107.88 107.44 90.71 157.60 6.13 6.07 4.54
4 5 152.53 -151.95 75.86 170.02 -163.72 104.66 98.75 99.81 151.85 6.15 5.94 4.91
5 6 170.15 -109.39 61.37 164.08 -145.04 95.49 103.72 115.50 133.20 5.77 6.11 4.98
6 7 -179.44 -176.30 68.21 152.20 -151.04 114.97 109.63 93.59 149.05 6.39 6.18 5.15
8 9 168.18 -29.78 -68.35 -169.98 158.96 100.21 105.83 80.19 140.84 6.01 6.21 4.40
9 10 -89.67 -52.29 106.50 -146.54 171.63 149.62 48.50 122.51 133.72 9.01 4.09 4.18
10 11 -106.42 -129.68 83.74 161.83 -175.90 130.71 75.53 102.43 141.59 11.64 8.62 9.26
11 12 -178.44 -150.67 58.18 173.99 -162.42 74.81 107.33 91.13 149.95 4.64 6.24 4.55
12 13 153.92 -147.74 69.52 178.39 -160.89 103.68 101.63 88.59 145.82 6.08 6.02 4.35
13 14 167.31 -99.42 66.48 160.76 -154.59 100.22 98.04 88.51 146.38 5.91 5.82 4.35
