NN,NNIN
1 2 -177.99 -124.65 82.60 -140.60 154.97 98.17 120.88 104.65 118.29 5.69 6.50 6.97
3 4 171.17 -15.98 -68.74 163.49 178.29 99.78 101.23 78.45 143.61 5.93 5.98 4.85
4 5 -122.88 -6.95 106.18 149.14 -152.38 119.86 67.88 89.90 143.40 8.11 5.31 4.34
NN,NNN
1 2 153.57 -108.49 71.02 157.14 -167.16 103.63 110.65 104.00 152.15 6.10 6.42 5.42
3 4 155.39 -143.49 80.82 167.40 -153.15 90.76 100.01 92.47 151.15 5.45 5.91 4.68
4 5 176.21 -158.05 78.55 -160.10 -178.17 104.54 98.40 88.12 153.44 6.15 5.87 4.69
NN,NNIIIN
1 2 -143.01 161.51 79.43 164.79 -141.02 130.38 85.84 100.58 151.77 6.29 4.76 5.15
3 4 173.48 -117.20 61.87 178.28 175.72 92.50 101.38 114.48 159.84 5.59 5.97 4.99
4 5 -91.31 100.51 54.06 154.33 -162.63 75.11 43.41 115.37 146.53 7.03 4.90 5.23
