NNN,NNNNN
1 2 166.60 -153.29 75.44 156.87 -151.47 98.77 101.83 91.08 144.48 5.95 6.04 4.52
2 3 173.53 -113.13 68.92 154.15 -149.25 94.41 98.13 85.55 148.34 5.63 5.80 4.11
4 5 171.35 -131.98 67.98 172.21 -176.66 92.69 104.88 94.27 156.81 5.65 6.14 4.56
5 6 -173.55 123.20 30.20 -168.20 -163.95 107.85 76.81 111.16 144.43 5.81 4.51 6.49
6 7 149.71 -163.55 53.65 -150.82 174.03 101.93 114.39 90.59 148.55 5.73 6.11 4.97
7 8 160.89 -97.44 56.05 149.08 -155.82 92.96 115.83 97.91 149.17 5.40 6.42 5.67
NNN,NNNINN
1 2 166.67 -152.18 77.51 150.14 -148.47 94.64 100.38 94.78 143.39 5.77 6.03 4.63
2 3 175.31 -129.16 68.08 146.26 -150.59 95.05 100.89 90.13 145.34 5.72 5.98 4.19
4 5 167.20 -131.85 62.99 176.81 -162.84 98.95 101.27 85.87 147.79 5.88 5.98 3.92
5 6 166.35 70.28 38.69 -110.38 148.91 100.45 82.04 83.68 139.89 5.85 4.97 7.07
6 7 124.54 -84.60 -10.19 159.50 163.10 89.60 120.70 85.06 140.76 6.99 8.42 4.67
7 8 110.86 -51.36 -25.07 163.29 -140.81 119.86 137.81 118.07 142.45 6.20 6.86 8.37
NNN,NNINNIN
1 2 174.70 -179.08 56.83 155.98 -144.59 114.71 115.24 101.62 134.21 6.54 6.46 5.14
2 3 171.54 -133.67 53.80 131.01 -143.74 111.63 106.32 89.00 150.76 6.07 5.97 4.26
4 5 170.07 -122.65 81.81 122.22 -157.96 113.74 124.61 105.93 136.90 5.96 6.52 7.92
5 6 -80.17 -169.79 -75.89 168.32 -176.60 58.70 118.51 97.34 156.84 5.03 8.30 11.76
6 7 15.03 -139.65 68.63 152.97 -153.53 86.72 105.77 97.79 138.86 5.31 6.14 4.55
7 8 134.49 -21.12 -5.19 167.02 -148.47 152.00 87.40 145.59 150.96 10.27 7.57 6.00
