NNNN,NN
1 2 172.44 -135.89 70.16 162.88 -161.12 95.03 101.45 101.40 142.39 5.69 5.95 4.67
2 3 173.49 -142.81 71.59 -167.30 166.95 96.46 99.12 98.61 133.91 5.75 5.83 4.67
3 4 -166.55 139.29 51.27 145.14 -151.77 123.08 109.87 86.15 142.06 6.61 6.17 6.54
5 6 86.31 -114.53 92.08 144.59 -156.12 100.03 126.15 92.08 149.52 5.73 6.72 7.40
NNNIN,NN
1 2 171.00 -148.70 67.48 145.32 -146.42 115.68 105.80 92.70 145.80 6.39 6.08 4.66
2 3 164.09 -142.06 75.09 176.89 -162.16 90.83 101.98 91.93 149.02 5.49 5.96 4.64
3 4 177.49 154.86 30.65 158.08 -152.17 138.58 108.65 88.48 145.99 12.37 11.05 9.80
5 6 169.79 -99.86 61.29 135.67 -150.77 91.29 119.26 94.36 151.48 5.37 6.44 5.94
