NNNN,NNNNNNNNINNNIN
1 2 156.84 40.13 93.24 -176.30 178.96 103.98 81.16 91.72 153.65 5.81 5.01 8.11
2 3 -169.85 100.93 77.13 139.95 -150.19 90.13 102.46 87.39 144.23 5.51 6.08 8.67
3 4 175.92 -105.89 58.72 149.50 -155.22 98.29 102.03 87.77 155.83 5.85 6.04 4.05
5 6 158.43 -155.55 69.03 152.63 -152.18 111.91 104.01 92.16 145.71 6.46 6.13 4.47
6 7 166.15 -130.78 68.60 147.89 -148.94 94.44 101.84 93.81 141.85 5.69 6.05 4.40
7 8 163.34 -147.96 79.36 162.91 -163.78 98.66 104.71 95.84 149.50 5.96 6.20 5.21
8 9 176.19 -132.46 62.43 174.71 -165.00 89.59 105.32 95.17 145.64 5.48 6.17 4.36
9 10 158.96 -120.02 -68.76 155.21 -157.32 89.68 126.01 87.45 149.24 5.46 6.87 7.10
10 11 30.62 -130.28 69.28 -176.06 -177.59 96.48 102.95 89.46 150.48 5.72 6.03 4.47
11 12 173.93 -118.21 85.54 -136.17 154.74 96.44 119.44 102.26 119.83 5.76 6.63 7.11
12 13 -63.20 130.42 -51.02 169.04 -149.26 104.23 71.59 124.22 143.21 6.69 5.01 5.09
13 14 65.20 -168.57 98.01 -134.69 151.28 100.67 124.76 96.03 116.31 5.82 6.60 7.46
14 15 -149.94 126.79 64.88 158.16 -160.26 107.86 76.02 86.30 143.83 6.08 4.62 5.91
15 16 -112.25 86.35 32.83 -122.21 169.48 88.44 54.26 122.15 151.23 7.08 4.95 5.46
NNNN,NNNNNNNNNNNN
1 2 149.88 52.14 64.38 142.11 -144.67 101.39 90.81 85.96 134.20 5.74 5.31 7.19
2 3 -172.99 99.49 93.61 124.62 -141.21 116.09 88.36 87.87 142.14 5.97 5.09 8.64
3 4 -167.29 -103.70 53.96 154.85 -155.48 92.97 107.11 90.51 150.48 5.62 6.23 4.24
5 6 159.95 -143.61 60.25 146.28 -145.18 115.27 105.96 89.84 145.75 6.40 6.06 4.16
6 7 154.28 -141.78 73.55 144.62 -147.40 99.10 106.98 95.95 139.09 5.93 6.30 5.08
7 8 168.55 -161.85 90.64 131.12 -146.11 107.64 102.93 91.07 147.75 6.38 6.16 5.61
8 9 -166.40 -117.14 60.98 145.03 -151.31 88.98 102.55 91.74 147.35 5.38 5.97 4.28
9 10 156.15 -115.06 -78.46 175.34 -165.43 92.23 121.34 87.07 149.08 5.60 6.73 7.19
10 11 29.58 -127.30 57.20 -160.56 172.98 97.20 112.51 89.76 152.62 5.58 6.22 4.85
11 12 164.42 -145.20 93.81 -141.85 168.79 91.38 100.93 95.40 140.26 5.41 5.61 6.03
12 13 -33.49 108.28 -16.11 148.64 -163.90 138.60 122.13 96.95 147.10 6.09 5.92 4.52
13 14 87.40 -116.03 67.35 -122.01 172.29 82.13 131.16 102.15 140.18 5.02 6.95 7.03
14 15 -169.16 91.91 64.88 -179.71 -163.40 117.73 86.90 82.99 143.19 6.35 4.97 6.87
15 16 -98.76 79.80 67.02 -92.24 154.78 149.55 73.62 100.21 143.43 6.37 4.09 4.19
