NNNN,NNN
1 2 177.85 -136.94 72.64 -175.28 167.83 102.82 102.60 82.59 141.65 6.12 6.11 4.46
2 3 -167.23 169.31 54.64 151.70 -155.98 134.73 123.24 93.46 145.98 6.81 6.49 7.04
3 4 148.78 -149.01 73.39 159.46 -158.36 95.72 102.71 91.35 148.90 5.82 6.13 4.66
5 6 164.28 -134.81 75.48 152.45 -152.20 99.47 100.93 92.80 148.69 5.98 6.06 4.48
6 7 170.07 -135.10 74.54 164.68 -155.95 90.11 100.57 92.87 147.62 5.53 5.98 4.46
NINNN,NNN
1 2 123.82 -121.10 78.64 136.82 -172.30 113.63 49.41 80.24 142.00 10.05 6.08 3.69
2 3 -158.17 -127.58 17.83 166.97 -165.17 135.94 152.87 95.77 151.18 6.76 7.13 7.73
3 4 113.30 -147.44 65.02 167.58 -154.45 94.59 102.75 94.98 144.30 5.75 6.11 4.41
5 6 169.31 -135.90 78.17 154.31 -156.91 94.93 101.57 94.68 149.48 5.76 6.06 4.73
6 7 172.69 -149.03 74.75 156.75 -153.85 95.33 102.05 97.16 150.33 5.79 6.09 4.88
NNINN,NNN
1 2 -179.92 -133.97 72.12 -152.09 159.61 94.85 101.53 81.62 131.30 5.65 5.89 4.43
2 3 122.29 -122.48 52.71 146.17 -155.55 170.66 128.38 92.85 152.88 11.78 10.84 9.71
3 4 149.62 -139.11 68.89 158.68 -158.97 87.71 103.38 92.12 149.58 5.39 6.11 4.54
5 6 145.73 -107.42 55.93 162.02 -158.35 92.81 107.72 92.10 149.37 5.55 6.20 4.38
6 7 151.14 -126.65 70.70 153.60 -162.50 101.19 104.97 91.38 150.90 6.02 6.19 4.53
