NNNNN,NNINNN
1 2 168.86 -137.18 72.33 150.70 -153.72 95.02 100.81 93.74 147.67 5.66 5.90 4.50
2 3 170.85 -130.94 70.10 -175.33 175.09 93.50 101.76 98.54 137.07 5.60 5.99 4.65
3 4 178.03 159.75 79.03 167.23 -166.18 112.95 101.10 92.39 148.52 6.48 6.00 6.52
4 5 177.17 -120.54 61.49 162.94 -156.71 99.51 101.92 91.07 153.09 5.95 6.05 4.06
6 7 164.57 -119.28 62.98 -173.24 -173.34 93.90 105.06 93.76 149.22 5.64 6.14 4.38
7 8 149.04 162.64 93.30 156.87 -155.55 141.64 129.87 91.12 150.48 9.29 8.98 9.23
8 9 -169.52 -115.79 63.93 138.69 -134.78 93.21 100.38 113.99 155.97 5.64 5.88 4.66
9 10 164.26 -146.96 66.99 146.01 -144.48 98.29 103.91 96.07 136.73 5.86 6.15 4.63
NNNNN,NNNNN
1 2 162.14 -125.17 65.47 -170.68 -176.44 112.09 101.69 88.66 147.48 6.02 5.71 4.39
2 3 162.79 172.24 44.91 179.53 -139.53 92.91 96.51 117.13 152.01 5.58 5.55 6.56
3 4 -178.92 -175.50 56.40 158.70 -141.33 110.75 120.53 84.49 143.98 5.78 6.21 5.33
4 5 157.96 -77.95 56.47 162.00 -150.09 116.59 92.93 98.83 140.53 6.34 5.51 4.68
6 7 177.52 -155.85 83.65 169.19 -164.15 90.41 95.83 80.09 154.10 5.53 5.71 4.68
7 8 172.76 172.63 76.98 134.18 -134.99 118.37 117.04 100.16 132.24 6.66 6.70 7.67
8 9 -175.05 -104.35 68.44 137.93 -151.60 113.18 103.37 95.90 153.67 6.39 5.98 5.42
9 10 164.70 -135.30 66.41 149.33 -152.06 80.71 103.21 85.37 151.31 5.04 6.10 4.15
