NNNNN,NNNINNN
1 2 179.40 -124.93 60.97 -167.16 178.06 105.80 103.84 88.99 146.56 6.08 5.96 4.36
2 3 175.50 139.67 96.62 159.05 -154.56 91.71 100.09 84.19 151.06 5.31 5.63 8.06
3 4 -166.42 -142.38 75.17 -152.06 170.25 103.61 102.82 92.33 151.98 6.02 6.08 4.99
4 5 172.84 -123.34 65.04 162.91 -156.56 94.04 103.76 86.31 148.43 5.69 6.11 4.17
6 7 169.82 -128.53 67.71 -152.62 171.88 100.81 101.22 89.17 151.09 5.99 6.01 4.31
7 8 179.12 -47.70 -33.84 169.74 159.71 90.28 121.10 87.39 138.91 5.30 6.27 4.61
8 9 4.31 -114.49 92.55 -150.20 -166.91 150.90 48.91 132.85 145.81 9.36 4.51 3.92
9 10 -131.77 169.68 65.45 -147.38 166.65 105.83 105.23 83.68 148.97 5.98 5.89 4.55
10 11 162.90 -89.97 50.91 -177.12 -150.87 100.66 102.80 93.15 151.65 5.89 6.02 4.09
