NNNN,NNN
1 2 176.51 -155.24 77.75 -174.88 168.95 109.67 107.50 87.17 140.03 6.39 6.26 5.21
2 3 -169.23 -121.90 -31.28 171.69 -176.68 124.45 116.95 88.38 145.88 6.71 6.44 5.22
3 4 89.64 -93.73 26.50 -163.88 -155.76 153.00 126.30 128.25 143.84 7.47 6.79 7.45
5 6 170.23 -152.17 75.00 155.44 -154.43 106.34 107.44 95.69 144.05 6.19 6.24 5.22
6 7 169.83 -144.98 75.97 142.83 -146.14 93.26 101.61 90.96 147.27 5.67 6.04 4.59
NNNN,NNIN
1 2 161.21 177.27 86.24 155.14 -161.90 99.54 107.80 90.10 146.62 6.11 6.42 6.29
2 3 177.82 -147.30 75.83 168.35 -162.15 84.33 103.54 93.00 147.94 5.31 6.11 4.75
3 4 164.16 -131.00 65.49 152.84 -133.18 95.39 108.36 102.34 138.32 5.75 6.20 4.47
5 6 161.21 177.27 86.24 155.14 -161.90 99.54 107.80 90.10 146.62 6.11 6.42 6.29
6 7 161.06 -91.59 35.63 152.84 -133.18 97.90 119.37 102.34 138.32 10.54 11.51 8.64
