NNNNNNNIN,NNN
1 2 170.73 -85.55 -87.25 -151.45 -153.16 91.32 133.71 149.10 148.06 5.58 6.65 8.67
2 3 66.67 144.67 74.25 158.49 -156.21 113.42 101.27 93.82 143.35 6.08 6.04 4.62
3 4 170.30 -127.66 51.71 169.84 -147.25 101.51 112.48 107.42 142.69 6.05 6.47 4.95
4 5 165.11 -149.56 65.86 167.63 -158.23 121.95 102.94 89.83 148.00 6.72 6.04 4.31
5 6 165.80 -159.04 81.68 116.60 -175.74 104.69 121.12 101.91 141.31 6.12 6.61 6.89
6 7 -154.11 95.85 28.84 -120.65 150.50 109.31 77.51 94.86 143.24 5.86 4.59 6.30
7 8 76.90 -82.37 48.72 136.85 -153.96 147.01 81.41 96.99 145.58 11.76 8.60 4.31
9 10 -178.45 -134.35 69.67 -144.56 148.16 103.34 104.46 74.38 145.96 6.01 6.08 4.48
10 11 -173.13 68.37 -167.14 -174.56 -144.16 120.39 108.66 87.21 142.51 6.51 5.71 10.56
