NNNNNN,NNNNNNN
1 2 148.58 27.74 -101.75 145.09 -175.64 112.29 90.48 82.38 148.87 6.52 5.58 7.03
2 3 21.14 150.02 27.87 -90.51 151.84 126.57 76.23 101.60 118.11 6.59 4.53 4.82
3 4 -179.09 166.12 40.34 -158.51 -157.69 154.68 99.69 108.13 146.98 7.50 5.75 3.79
4 5 166.38 -162.06 53.94 -169.95 -172.21 130.06 110.22 96.15 152.31 6.75 6.31 4.69
5 6 159.95 -104.94 59.03 157.72 -158.39 93.22 107.08 89.77 152.33 5.51 6.10 4.84
7 8 169.98 -155.15 76.70 156.99 -156.23 98.42 103.95 93.15 148.81 5.91 6.17 5.09
8 9 172.83 -149.16 76.62 169.83 -165.51 94.36 102.79 97.48 150.56 5.73 6.09 5.13
9 10 174.82 -145.29 72.41 175.04 -166.47 93.10 100.64 93.25 150.19 5.65 5.98 4.56
10 11 169.60 -165.75 106.13 -126.15 147.98 95.52 127.44 95.42 112.94 5.74 6.85 7.71
11 12 -136.89 151.00 35.81 141.47 -146.72 107.67 112.31 85.36 145.07 5.99 6.23 6.59
12 13 139.53 -115.20 63.44 175.77 -165.08 94.21 102.67 89.77 152.82 5.56 5.94 4.35
