NN,NNINN
1 2 163.30 -137.63 -176.02 -137.65 162.24 95.67 106.05 152.02 121.67 5.85 6.17 8.76
3 4 163.54 -132.20 60.84 162.33 -152.93 110.44 117.25 93.92 139.26 6.43 6.67 4.77
4 5 -105.01 36.91 33.10 163.93 -155.91 106.27 56.46 90.97 150.57 8.91 5.87 6.06
5 6 132.18 -116.06 64.62 179.00 -170.85 97.25 102.71 94.61 150.10 5.82 6.03 4.43
NN,NNNN
1 2 167.20 -130.57 158.89 175.62 -141.85 101.86 106.93 140.85 145.46 6.09 5.98 8.33
3 4 176.46 -120.63 37.99 31.53 172.83 96.40 104.17 138.85 96.61 5.79 5.72 5.54
4 5 -125.65 89.82 72.04 -149.16 177.81 120.84 91.96 90.36 135.08 6.41 5.50 4.70
5 6 166.83 -146.26 79.44 152.95 -156.25 146.11 98.17 102.44 147.23 7.39 6.01 4.92
NN,NNININ
1 2 135.44 -98.71 84.91 143.81 -143.46 116.73 108.52 98.93 145.87 6.45 6.16 8.31
3 4 174.34 -131.38 42.91 -147.22 -165.47 96.51 105.79 127.62 157.99 5.48 5.70 5.27
4 5 -155.17 117.60 72.48 -105.76 152.73 138.87 74.07 93.50 116.64 12.21 8.93 7.71
5 6 118.65 -117.57 70.08 121.60 -139.78 129.58 71.04 93.40 139.26 10.66 7.61 4.02
