NNNNNNNN,NNNNNN
1 2 178.10 -167.67 67.63 -132.55 155.71 88.80 115.25 87.90 145.42 5.39 6.49 5.79
2 3 165.81 115.82 6.95 -35.52 -171.73 101.82 100.20 109.84 93.80 6.08 5.97 8.91
3 4 119.44 -126.83 36.18 144.80 -158.21 100.45 110.20 123.55 152.99 5.85 6.28 5.55
4 5 124.59 -151.36 77.17 140.14 -144.27 78.11 95.72 88.11 139.31 4.95 5.83 4.33
5 6 176.91 -130.88 74.07 143.11 -155.29 98.68 108.23 99.98 148.11 5.83 6.22 5.41
6 7 169.10 -147.45 69.00 155.09 -152.14 85.97 107.07 94.04 149.52 5.32 6.30 4.81
7 8 164.41 -133.35 72.16 162.63 -153.81 91.93 100.24 95.21 145.01 5.58 5.92 4.37
9 10 174.86 -142.28 61.01 -130.59 166.95 92.09 105.11 117.51 146.24 5.61 5.92 5.27
10 11 -111.52 79.00 25.59 138.85 -152.82 123.20 118.91 89.19 147.47 6.16 6.30 6.80
11 12 128.22 -116.60 53.29 150.94 -134.10 89.06 102.00 119.28 150.62 5.38 5.96 4.92
12 13 162.12 -161.51 69.06 142.25 -145.66 98.28 106.15 88.99 142.08 5.69 6.02 4.68
13 14 167.81 -116.51 63.72 144.65 -149.47 94.52 103.15 84.92 152.34 5.64 6.04 4.09
