NNNN,NNNN
1 2 168.06 -145.78 71.66 170.72 -160.93 94.05 100.18 94.01 149.73 5.71 5.98 4.44
2 3 168.19 -143.10 71.12 163.77 -154.90 100.97 100.25 91.12 150.62 6.02 5.98 4.32
3 4 165.48 -159.08 76.38 167.77 -162.12 106.33 99.12 92.11 151.52 6.27 5.96 4.88
5 6 165.24 -154.12 77.59 154.81 -154.77 101.60 101.42 96.58 143.16 6.08 6.08 5.00
6 7 173.02 -157.16 78.02 164.07 -161.97 100.06 101.81 96.44 149.62 6.03 6.09 5.12
7 8 175.75 -138.48 68.05 169.41 -164.63 92.44 105.06 94.03 151.63 5.62 6.17 4.63
NNNN,NNINN
1 2 165.27 -148.75 69.35 165.19 -160.06 98.17 102.23 93.59 151.58 5.88 6.07 4.58
2 3 161.95 -143.38 77.63 150.48 -151.29 89.48 100.49 93.25 147.38 5.48 5.97 4.60
3 4 175.97 -132.03 67.27 156.28 -152.91 90.18 103.10 88.03 149.58 5.44 5.99 4.21
5 6 168.67 -149.26 70.73 162.61 -165.39 107.48 99.57 89.82 153.40 6.28 5.96 4.21
6 7 165.76 -166.90 26.49 148.41 -143.76 99.47 125.10 87.87 148.50 10.67 11.99 10.36
7 8 119.89 -130.05 76.50 131.68 -143.43 96.83 100.53 89.50 140.86 5.84 6.00 4.45
NNINN,NNNN
1 2 171.11 -129.60 56.48 166.87 -157.99 89.82 102.90 101.48 150.08 5.41 6.02 4.38
2 3 141.68 -160.90 59.80 155.23 -145.98 139.15 126.12 81.27 143.94 9.80 9.04 6.60
3 4 152.63 -133.19 76.11 167.52 -165.82 110.45 108.70 89.28 154.90 6.01 6.24 4.97
5 6 176.86 -140.28 71.84 144.98 -147.88 97.88 106.27 94.02 143.39 5.88 6.24 4.66
6 7 163.47 -152.36 82.40 155.38 -152.51 95.69 102.95 98.75 141.42 5.80 6.11 5.27
7 8 177.18 -135.71 73.35 157.65 -157.64 93.41 101.89 96.02 150.17 5.60 5.97 4.47
NNNIN,NNNN
1 2 175.18 -159.26 75.04 164.38 -155.42 91.11 102.72 90.12 147.93 5.56 6.05 4.80
2 3 168.78 -141.32 74.45 164.96 -158.88 95.34 101.57 96.55 146.53 5.73 6.00 4.69
3 4 136.18 -144.29 86.57 146.57 -140.21 130.27 140.73 88.74 138.71 9.04 9.34 7.54
5 6 157.31 -175.74 86.49 145.64 -150.02 104.28 100.07 96.32 145.64 6.21 6.04 5.65
6 7 -179.27 -144.71 74.48 158.16 -150.62 89.12 102.38 94.94 142.76 5.45 6.03 4.68
7 8 166.38 -139.12 80.96 156.10 -158.20 104.86 102.86 91.81 150.76 6.18 6.08 4.70
NNNIIIN,NNNN
1 2 -179.34 -124.53 21.39 -153.87 -162.15 118.28 108.57 111.97 150.41 6.67 6.23 4.58
2 3 139.04 -174.19 74.43 179.40 -170.10 129.48 102.20 93.74 151.35 7.00 6.08 4.75
3 4 115.62 -73.46 41.80 156.44 -154.74 144.88 134.45 87.15 154.09 13.44 13.09 9.49
5 6 148.80 -142.97 78.54 138.95 -146.58 91.68 105.65 91.99 142.25 5.57 6.22 4.99
6 7 173.25 -131.47 71.35 154.40 -153.93 93.76 106.09 93.30 147.32 5.69 6.24 4.70
7 8 167.94 -137.96 71.08 159.65 -151.61 93.45 100.43 90.56 149.35 5.67 5.95 4.30
NINNN,NNNN
1 2 -154.73 -89.44 -36.05 -107.19 149.49 171.27 123.38 91.38 139.56 10.08 9.10 7.21
2 3 88.45 -145.76 39.14 158.46 -141.25 156.11 108.34 116.25 137.09 7.49 6.21 4.82
3 4 170.92 -145.51 20.94 176.32 -142.76 102.40 123.92 92.74 151.14 5.54 6.17 5.01
5 6 -170.95 -155.76 23.03 -177.72 -146.30 103.87 113.70 95.45 146.88 5.25 5.84 4.27
6 7 128.78 -142.38 66.02 147.72 -156.88 126.90 109.85 100.58 146.20 6.57 6.27 5.12
7 8 157.60 -150.14 62.23 152.72 -140.87 91.75 113.50 86.56 138.21 5.67 6.48 4.42
