NNNNNNNN,NNN
1 2 -123.55 -148.44 -60.28 141.21 -164.36 93.81 149.56 86.06 149.42 5.14 7.00 8.20
2 3 34.00 -136.26 72.66 162.89 -163.09 78.53 104.16 93.99 152.12 4.97 6.21 4.75
3 4 172.68 -29.35 -63.58 173.08 159.47 95.43 104.78 82.21 144.68 5.70 6.07 4.37
4 5 41.11 172.38 97.27 -131.53 154.35 137.12 109.57 104.86 114.37 7.04 6.25 8.11
5 6 -130.17 158.38 -7.33 162.64 -135.66 125.97 101.20 126.01 143.07 6.29 5.37 6.87
6 7 114.78 -178.12 75.50 144.64 -152.07 116.32 104.64 91.75 148.03 6.46 6.11 4.85
7 8 173.67 -131.55 66.40 158.90 -154.20 93.42 102.71 91.40 151.32 5.65 6.06 4.33
9 10 142.04 -133.64 65.23 -177.88 -176.96 80.73 97.99 102.07 154.24 5.00 5.85 4.31
10 11 166.87 -38.74 -56.92 -178.11 149.69 89.75 102.87 91.84 138.08 5.44 5.99 4.50
