NNN,NNN
1 2 170.52 -143.42 69.27 158.25 -149.31 89.61 101.18 92.90 142.83 5.46 5.99 4.32
2 3 161.84 -158.39 81.48 153.48 -154.34 104.97 104.95 94.51 149.46 6.17 6.11 5.28
4 5 170.44 -143.84 52.32 24.05 160.90 93.11 105.07 111.89 85.40 5.60 6.16 4.91
5 6 160.85 -161.77 79.81 146.38 -156.02 118.53 105.59 90.01 147.55 6.63 6.16 4.94
NNN,NIIIININ
1 2 170.23 -157.76 79.67 153.63 -157.21 106.22 105.91 92.87 148.52 6.21 6.20 5.33
2 3 173.97 -142.11 70.54 156.64 -156.21 89.72 104.16 90.64 144.50 5.45 6.10 4.44
4 5 99.61 36.79 -84.16 90.53 -153.16 140.30 79.85 137.88 91.96 11.37 8.21 6.39
5 6 41.54 159.15 77.72 141.21 -146.65 153.72 56.37 89.14 148.02 10.83 6.40 3.65
NNN,NNIN
1 2 167.29 -140.97 59.27 153.53 -154.53 112.11 105.29 86.61 148.05 6.23 6.02 4.32
2 3 159.83 -140.13 65.26 173.86 -162.60 99.49 104.49 95.54 149.59 5.94 6.12 4.83
4 5 168.97 -149.01 62.94 6.99 -172.68 103.57 103.18 97.32 95.13 6.11 6.09 4.82
5 6 145.07 -123.20 41.98 146.84 -139.62 131.69 100.15 115.57 146.99 9.76 8.33 5.48
NNIN,NNN
1 2 172.30 -154.01 79.24 -168.72 177.23 95.99 105.31 92.67 157.10 5.83 6.26 5.18
2 3 131.76 -141.69 88.09 149.52 -154.48 124.08 123.46 88.05 142.15 10.01 9.94 7.89
4 5 161.88 -129.55 58.87 159.23 -140.98 99.14 110.04 109.04 136.09 5.99 6.41 4.83
5 6 169.05 -157.87 77.40 151.05 -156.98 121.99 109.24 98.11 147.66 6.74 6.30 5.37
