NNNN,NNNN
1 2 174.63 -144.16 60.36 173.24 -168.18 112.10 103.64 96.33 150.83 6.23 5.96 4.49
2 3 154.14 -141.94 33.84 -152.98 -164.32 97.10 120.99 140.54 150.65 5.89 6.77 7.27
3 4 156.47 161.17 69.45 171.85 -159.12 105.37 102.86 91.01 145.28 6.07 6.00 4.47
5 6 163.46 -136.32 70.25 172.95 -164.01 93.99 104.09 93.84 149.83 5.63 6.08 4.67
6 7 163.14 -155.70 78.37 156.45 -164.91 99.37 111.11 100.71 142.68 5.97 6.45 5.81
7 8 172.33 -134.87 55.93 -178.19 -154.44 87.84 103.28 127.17 146.91 5.44 6.13 5.26
NNINN,NNNIN
1 2 -174.15 -40.11 -60.36 164.66 168.16 87.25 101.38 85.52 150.54 5.20 5.84 4.42
2 3 -106.42 9.00 158.27 147.41 -142.83 140.60 67.38 86.71 138.39 9.24 5.60 6.45
3 4 -100.87 -128.62 64.04 161.42 -157.66 103.01 111.32 95.52 140.08 5.82 6.24 4.96
5 6 168.38 -141.22 69.39 161.78 -155.90 90.26 104.49 97.65 148.01 5.51 6.15 4.76
6 7 162.48 -149.26 75.87 166.85 -154.97 98.28 98.27 89.96 147.35 5.94 5.94 4.28
7 8 152.97 -179.04 80.32 154.55 -138.93 115.53 92.61 109.51 143.90 10.82 9.52 9.21
