NNNN,NNNN
1 2 170.82 -125.34 61.94 159.76 -159.20 97.88 105.37 90.98 150.51 5.83 6.15 4.32
2 3 157.65 158.97 84.11 165.51 -158.27 97.49 103.96 89.37 149.74 5.91 6.16 6.91
3 4 -177.55 -116.88 70.17 161.47 -154.72 93.69 98.87 92.14 144.04 5.61 5.85 4.30
5 6 168.14 -137.13 69.16 159.74 -156.72 99.81 101.69 88.28 150.13 5.93 6.03 4.27
6 7 164.82 159.49 83.37 161.56 -156.64 100.77 106.36 89.49 148.86 6.02 6.23 7.05
7 8 -175.32 -109.97 66.47 147.42 -144.58 92.56 98.85 90.59 149.03 5.51 5.81 4.28
NNNN,NNINN
1 2 161.49 -150.32 75.04 176.32 -167.48 99.90 102.20 93.87 153.63 6.02 6.14 4.41
2 3 166.28 164.45 94.24 171.89 -165.94 108.25 94.43 89.16 155.34 6.43 5.80 6.38
3 4 -170.71 -105.05 54.55 154.56 -135.63 98.31 105.86 92.54 144.35 5.92 6.16 4.07
5 6 169.35 -116.82 63.58 -153.41 165.86 89.32 102.64 98.28 147.71 5.48 6.09 4.52
6 7 169.39 -164.87 27.22 156.91 -129.70 142.71 147.84 108.64 143.30 9.37 9.12 9.11
7 8 153.94 -134.92 57.92 169.27 -158.55 118.07 96.88 89.93 154.76 6.04 5.58 4.25
NNININ,NNNN
1 2 175.85 -136.37 56.91 167.83 -152.19 97.49 101.52 89.12 151.96 5.86 6.05 4.05
2 3 -126.13 -169.76 32.41 -167.05 155.21 145.10 110.83 120.68 141.63 8.97 7.80 8.15
3 4 111.06 -144.11 53.04 141.79 -131.71 99.88 75.07 120.71 138.75 9.06 7.52 4.11
5 6 174.67 -116.12 60.70 -150.44 151.21 101.84 104.52 94.94 145.10 6.04 6.15 4.63
6 7 161.49 158.70 83.96 136.77 -153.23 112.51 85.15 96.79 147.18 6.46 5.28 6.19
7 8 -174.89 -109.83 50.59 174.94 -158.67 89.68 102.30 93.22 153.15 5.47 6.03 3.97
NNNN,NNNIN
1 2 158.25 -140.60 58.56 -164.00 -152.16 93.26 113.54 90.48 154.71 5.66 6.28 4.34
2 3 155.83 -142.95 74.93 151.79 -157.20 138.82 112.07 90.49 151.96 7.07 6.49 5.21
3 4 169.64 -107.71 58.19 171.23 -146.31 87.80 108.37 96.44 145.36 5.41 6.22 4.44
5 6 170.85 -108.70 42.98 42.25 172.22 92.53 107.80 123.76 84.11 5.67 6.24 4.84
6 7 171.17 124.51 87.27 8.08 147.16 115.98 98.27 125.08 112.35 6.40 5.31 7.65
7 8 174.98 -98.32 19.27 110.84 -142.77 122.47 93.95 90.43 143.16 10.22 9.12 4.74
