NNIN,NINIIN
1 2 173.44 149.21 126.41 -68.06 144.28 90.94 108.33 94.05 133.41 5.47 6.11 8.89
2 3 -4.06 -2.50 54.22 153.38 -157.27 138.07 43.41 91.44 143.99 9.78 4.65 4.88
4 5 170.54 127.76 69.46 45.18 -162.08 128.95 35.22 85.82 90.03 11.77 6.24 6.69
5 6 39.05 -16.47 31.70 147.10 -151.08 173.24 77.77 95.47 150.06 13.63 9.84 6.27
NNIIIIN,NINIIN
1 2 -174.02 174.62 93.49 -2.85 -178.14 96.02 116.24 106.65 86.08 5.66 6.46 8.25
2 3 -27.53 5.62 41.05 148.60 -153.19 123.01 48.41 88.55 147.23 9.81 5.41 4.45
4 5 178.10 133.15 82.22 -93.65 130.60 124.89 36.63 83.91 120.57 11.43 6.09 7.27
5 6 -11.90 36.63 31.72 138.97 -147.13 171.15 81.52 94.91 152.69 13.27 9.66 6.75
