NNNNN,NNNNIN
1 2 164.31 -144.04 72.63 -160.98 157.71 94.90 102.88 90.78 137.63 5.65 6.05 4.79
2 3 173.62 139.19 101.30 132.75 -152.84 126.70 97.48 92.37 148.08 6.91 5.81 8.05
3 4 -157.34 -154.50 66.10 169.49 -155.69 83.47 106.28 86.71 153.49 5.10 6.08 4.82
4 5 169.79 -114.50 65.10 141.53 -145.52 99.53 99.92 89.24 146.76 5.66 5.72 4.17
6 7 173.85 -120.52 68.26 -166.04 166.40 91.73 105.04 97.74 150.75 5.53 6.10 4.77
7 8 163.52 -36.33 -62.27 168.78 168.55 88.88 104.04 88.70 142.30 5.49 6.15 4.33
8 9 62.21 144.07 5.92 79.15 -151.30 126.27 74.12 99.92 119.34 6.43 4.40 5.02
9 10 -43.80 54.85 38.35 132.32 -144.22 132.57 100.59 87.68 145.43 10.52 9.00 3.98
NNNNN,NNNINN
1 2 -175.88 -123.15 70.38 173.66 -168.70 107.73 102.25 89.71 153.29 6.18 6.06 4.39
2 3 169.95 124.74 90.95 173.44 -166.31 92.91 102.33 86.87 151.30 5.61 5.97 8.29
3 4 -173.88 -154.04 73.27 -167.21 -172.04 103.83 101.82 89.61 151.12 6.09 6.05 4.86
4 5 174.92 -110.38 66.12 -176.15 -172.28 98.25 97.24 86.21 153.35 5.78 5.72 4.11
6 7 178.23 -124.91 67.87 176.11 -170.23 101.72 102.14 90.40 155.11 5.99 6.01 4.32
7 8 166.05 -16.42 -68.70 167.94 174.50 95.82 105.86 81.37 137.88 5.78 6.10 4.76
8 9 140.38 63.68 26.90 -155.74 -162.91 108.17 60.09 131.36 142.97 6.91 4.37 4.00
9 10 148.99 -165.08 67.88 163.33 -156.02 110.50 100.11 92.81 142.94 6.33 5.91 4.29
