NNNNNNNN,NNNNNN
1 2 177.21 -120.28 59.69 -153.14 173.64 105.07 96.47 93.55 150.07 6.02 5.64 4.04
2 3 166.25 -150.81 68.62 -159.41 178.45 110.01 97.00 88.20 153.72 6.28 5.75 4.34
3 4 169.85 -170.11 93.75 -141.61 159.11 88.82 123.60 99.63 127.67 5.28 6.65 7.66
4 5 -163.01 142.43 64.72 -147.80 148.00 119.27 94.87 90.97 135.38 6.71 5.71 6.24
5 6 -178.49 -99.41 43.07 -124.84 147.73 135.75 109.89 103.54 113.00 6.94 6.16 5.34
6 7 -172.06 151.95 -108.95 46.74 -166.51 131.13 89.24 78.28 102.48 6.20 4.66 8.46
7 8 -19.88 61.83 -58.08 178.43 -142.20 154.39 116.01 144.98 145.85 7.38 6.18 10.82
9 10 178.90 -115.58 68.95 -140.27 173.26 97.04 103.73 134.41 147.88 5.71 5.96 6.29
10 11 -157.50 141.43 20.89 164.88 -136.74 115.28 112.63 115.18 135.88 6.53 6.24 6.25
11 12 137.52 -122.67 46.29 152.91 -144.63 123.00 118.90 92.21 135.25 6.37 6.39 4.83
12 13 147.99 -117.52 61.25 159.59 175.12 126.86 112.98 88.96 148.42 6.76 6.41 4.78
13 14 155.68 -104.44 36.02 161.64 -146.29 104.33 109.50 113.52 152.35 6.17 6.42 4.48
