NN,NNNN
1 2 168.44 -97.94 54.30 -175.54 -153.79 89.91 101.09 113.82 146.24 5.52 5.98 4.68
3 4 -172.05 -149.74 55.12 -119.31 149.52 96.36 117.04 85.70 129.48 5.50 6.25 5.16
4 5 -149.04 114.00 2.37 155.50 -148.34 147.45 81.41 122.42 137.53 6.89 4.75 6.43
5 6 129.05 -173.21 79.31 120.44 -148.87 108.57 119.73 87.79 141.58 6.23 6.44 6.21
NN,NNINN
1 2 168.34 -94.64 45.61 158.66 -144.00 106.07 99.23 97.27 142.37 6.26 5.89 3.72
3 4 178.46 -149.29 100.41 -171.72 179.29 87.64 100.08 99.48 142.98 5.38 6.00 6.22
4 5 -99.78 160.08 -31.96 143.53 -143.82 134.67 122.71 85.00 137.55 9.83 9.32 9.26
5 6 61.78 -134.52 80.03 143.17 -157.95 122.72 113.13 92.42 143.39 6.82 6.50 5.63
NN,NNIIINN
1 2 162.45 -110.48 73.08 172.87 -147.00 96.60 104.14 96.90 148.41 5.85 6.04 4.85
3 4 -178.83 -140.79 91.66 -134.61 151.10 90.00 120.85 112.89 116.23 5.42 6.59 7.67
4 5 -38.96 109.80 -14.63 143.45 -151.99 107.30 137.03 88.77 146.19 10.93 12.33 11.73
5 6 92.26 -110.26 41.28 -156.75 -150.72 85.65 101.88 123.06 149.73 5.15 5.45 4.48
