NNNNNN,NNNNN
1 2 159.98 -137.93 79.35 152.02 -152.37 97.76 103.09 93.29 150.98 5.82 6.10 4.74
2 3 -175.29 130.29 59.57 152.18 -152.60 88.80 117.21 86.31 147.64 5.28 6.38 7.90
3 4 156.58 -122.48 66.16 157.87 -155.79 98.58 103.94 92.35 153.34 5.85 6.11 4.39
4 5 165.87 -124.98 83.31 169.02 -173.41 87.23 111.63 90.86 154.13 5.30 6.35 5.76
5 6 179.29 -143.62 69.49 -161.68 175.44 92.07 103.13 90.85 156.49 5.61 6.12 4.54
7 8 168.75 -141.22 68.16 164.29 -172.70 120.64 99.56 99.08 144.17 6.41 5.73 4.71
8 9 177.93 -124.15 33.48 -158.95 -159.20 96.29 104.49 107.66 155.84 5.68 5.96 4.18
9 10 153.47 -152.19 64.36 -165.13 178.50 117.72 107.80 96.85 152.76 6.30 6.07 5.02
10 11 163.33 -139.35 61.47 -172.92 -163.68 94.70 102.37 98.70 143.50 5.71 6.00 4.33
NNNINNN,NNNNN
1 2 166.90 -143.12 69.01 162.25 -162.47 98.38 104.65 93.32 150.78 5.91 6.21 4.71
2 3 170.02 -129.44 38.22 165.89 -135.47 90.76 117.77 95.34 145.33 5.47 6.45 4.57
3 4 -4.72 76.17 44.39 -141.77 147.98 170.53 135.26 84.73 151.51 11.12 10.41 8.63
4 5 -179.74 143.12 -18.35 135.92 -134.31 98.81 103.70 84.24 122.64 5.11 5.20 6.73
5 6 82.47 -126.64 73.71 148.76 -150.76 125.80 126.58 89.02 153.03 6.57 6.81 6.19
7 8 136.43 -139.03 66.61 153.60 -153.00 88.43 105.51 94.58 147.09 5.39 6.26 4.66
8 9 163.39 -136.46 64.32 164.63 -155.11 98.77 109.41 92.11 150.56 5.89 6.33 4.60
9 10 156.74 -137.64 76.46 157.95 -148.99 93.70 103.74 91.88 150.86 5.66 6.11 4.63
10 11 172.40 -142.76 78.03 161.65 -158.88 107.44 103.45 95.55 152.11 6.30 6.11 5.01
