NININ,NNNN
1 2 142.20 -95.61 23.78 108.79 -135.87 116.48 99.38 79.34 136.29 10.96 9.97 5.08
2 3 147.89 -162.39 42.40 149.08 -143.18 75.80 106.20 82.72 138.27 8.42 10.12 9.54
4 5 163.50 -143.38 75.18 166.13 -160.45 94.81 98.99 94.92 146.11 5.76 5.94 4.36
5 6 171.72 -149.81 71.75 148.42 -146.01 99.32 102.90 93.48 149.47 5.92 6.09 4.71
6 7 167.93 -137.98 70.02 153.02 -151.47 95.06 103.28 91.66 150.98 5.73 6.09 4.45
NNN,NNNIN
1 2 158.12 -154.12 68.92 145.07 -151.42 97.83 102.79 95.99 143.86 5.88 6.12 4.62
2 3 174.45 -129.76 53.12 -177.34 -170.25 98.13 112.44 96.02 153.93 5.78 6.30 4.78
4 5 161.17 -154.78 77.90 -162.17 -179.21 93.30 102.53 91.61 153.67 5.72 6.15 4.94
5 6 -176.34 -117.81 49.38 -80.23 163.03 88.11 105.82 119.45 130.76 5.29 5.82 5.08
6 7 -49.58 50.53 43.93 138.53 -158.14 169.62 116.08 99.47 146.91 11.39 10.14 6.73
