NNNN,NNNNNNN
1 2 129.14 -117.61 124.23 -138.78 161.18 106.12 105.88 141.38 140.15 6.09 5.87 8.23
2 3 -59.23 99.26 17.54 144.42 -148.71 101.52 124.26 96.29 139.02 5.46 6.52 7.26
3 4 110.72 -141.79 75.66 157.98 -159.38 93.43 109.09 94.54 152.07 5.71 6.38 5.09
5 6 171.36 -148.23 74.05 156.97 -157.46 102.63 103.12 96.20 143.80 6.14 6.16 4.90
6 7 174.22 -144.73 65.33 170.17 -160.48 94.11 106.16 88.61 146.78 5.68 6.18 4.53
7 8 163.71 -119.56 62.65 175.79 -166.56 99.08 106.02 92.69 149.92 5.87 6.18 4.43
8 9 158.88 -124.68 -61.53 161.07 -159.02 94.59 126.54 92.36 146.69 5.74 6.96 7.25
9 10 34.21 -134.04 69.29 172.59 -165.35 97.19 103.91 86.73 151.32 5.85 6.16 4.30
10 11 -178.45 -128.84 65.99 -137.92 -172.58 93.12 115.72 117.81 141.75 5.42 5.95 6.58
