NNNN,NNNNNNNNNIN
1 2 176.85 -175.99 74.10 -156.11 171.72 97.87 102.94 86.07 150.91 5.91 6.11 5.23
2 3 174.00 -130.09 61.80 -144.02 164.15 99.16 103.06 97.75 146.72 5.90 6.08 4.52
3 4 168.67 88.28 58.30 153.98 -137.85 95.20 81.31 97.37 144.86 5.67 4.89 7.90
5 6 178.52 -147.04 66.66 -177.69 -169.58 86.14 104.62 95.02 151.55 5.30 6.14 4.74
6 7 163.55 -136.49 67.95 -168.93 -172.53 93.03 103.97 95.16 150.14 5.60 6.09 4.49
7 8 164.60 -128.40 -60.67 132.12 -150.83 96.45 122.95 95.29 141.45 5.80 6.84 7.18
8 9 42.41 -137.81 68.62 -178.58 -178.24 93.80 103.89 86.71 150.92 5.66 6.09 4.59
9 10 172.20 -120.45 87.48 -138.21 156.88 98.95 115.68 104.29 118.78 5.87 6.47 6.93
10 11 -151.96 99.25 106.50 -20.50 -167.21 106.78 82.88 133.34 94.65 5.94 4.92 10.38
11 12 -130.38 67.85 48.95 49.54 -136.93 99.04 73.35 93.37 98.28 5.76 4.58 6.61
12 13 156.19 -132.49 0.52 84.62 -152.54 89.98 106.68 106.48 91.07 5.52 6.21 4.84
13 14 10.71 -32.14 75.04 143.76 -152.70 167.91 78.62 94.83 150.34 10.46 6.99 4.17
