NNNNNNNN,NNNN
1 2 164.64 -128.78 66.73 177.52 -170.68 94.55 102.79 94.54 148.00 5.68 6.01 4.49
2 3 163.71 118.13 40.20 135.48 -144.20 94.40 122.13 94.17 144.61 5.68 6.80 8.78
3 4 134.66 -129.93 66.74 148.02 -156.65 99.42 106.06 89.19 144.64 6.02 6.31 4.36
4 5 161.65 167.22 77.90 174.06 -137.53 96.84 88.93 142.20 146.39 5.89 5.19 7.78
5 6 -147.20 -174.35 56.60 153.79 -154.22 106.01 103.81 90.48 144.90 5.86 6.17 4.29
6 7 152.41 -130.79 68.18 150.51 -149.36 100.64 101.55 94.64 146.02 6.04 6.05 4.34
7 8 161.90 -125.25 58.35 145.52 -129.03 93.00 108.58 97.17 137.07 5.64 6.30 4.37
9 10 165.27 -119.94 58.94 179.63 -169.07 94.67 106.35 96.06 153.86 5.64 6.15 4.39
10 11 161.21 -38.71 -57.16 -176.36 153.20 89.42 105.54 82.63 142.37 5.45 6.15 4.24
11 12 70.54 168.35 -145.46 -167.91 150.43 144.24 87.12 97.81 137.33 6.73 4.92 9.49
