NNNNN,NNNNNNINN
1 2 -175.66 -179.78 69.16 161.93 -171.18 125.70 108.83 92.59 150.24 6.88 6.32 5.10
2 3 171.81 -118.31 67.68 -151.42 162.41 93.02 100.76 87.53 131.45 5.60 5.95 4.44
3 4 170.90 168.64 68.71 157.75 -155.21 120.33 103.37 89.70 145.40 6.70 6.01 6.16
4 5 164.77 -115.68 62.79 154.70 -144.96 94.57 103.48 92.90 143.32 5.64 6.05 4.14
6 7 175.02 -125.23 62.68 155.24 -149.23 95.81 102.51 93.56 147.54 5.71 6.01 4.14
7 8 155.45 154.31 140.50 -160.09 144.50 107.24 114.02 94.20 126.80 6.30 6.37 8.91
8 9 -107.96 139.60 -136.43 -92.00 134.37 114.83 86.20 77.01 132.16 6.09 5.05 9.66
9 10 -24.99 107.31 -106.35 -169.46 158.98 97.78 85.42 104.52 137.19 5.65 5.13 10.17
10 11 28.90 -63.50 90.78 138.81 165.58 114.57 138.91 111.95 140.49 6.12 6.59 10.96
11 12 -70.67 78.15 41.48 -179.02 -176.41 96.34 65.23 93.91 153.12 6.89 5.20 4.86
12 13 137.11 51.90 77.12 118.35 -136.65 89.27 87.78 81.68 140.87 5.41 5.35 8.57
