NNNNNNN,NNNINNINNNNNNNNNN
1 2 157.89 -20.67 -71.80 -177.75 160.70 100.97 96.41 85.28 137.59 5.88 5.72 4.53
2 3 58.26 33.94 163.96 -174.02 -163.80 140.89 108.85 87.36 142.03 6.92 5.63 10.76
3 4 -95.42 -142.63 67.32 160.13 -171.56 137.01 115.97 87.44 154.40 6.86 6.58 5.20
4 5 172.03 171.02 85.72 164.70 -170.60 91.14 106.49 88.55 150.17 5.46 6.13 6.97
5 6 -180.00 -160.45 80.03 -163.43 178.95 100.63 100.36 88.56 155.87 6.00 6.04 5.16
6 7 -179.27 -102.66 62.28 166.73 -149.48 94.87 98.29 89.51 151.19 5.69 5.84 4.20
8 9 174.62 -127.53 69.55 170.50 -171.23 97.75 100.99 92.13 149.77 5.84 6.02 4.30
9 10 167.59 -9.79 -65.11 169.26 167.66 98.37 108.97 80.21 148.97 5.89 6.29 5.13
10 11 159.86 -13.31 45.39 -108.88 155.81 150.75 144.80 115.93 105.76 11.40 11.30 14.69
11 12 171.72 -172.48 32.83 -84.51 160.03 103.82 98.31 111.29 141.98 5.97 5.46 4.30
12 13 -134.28 -19.83 -122.98 -136.19 144.63 96.43 89.88 80.96 128.46 8.97 8.76 14.02
13 14 10.10 147.29 56.73 168.28 166.37 136.54 109.57 96.79 141.42 6.65 5.70 6.81
14 15 170.28 -41.73 -13.50 -100.05 166.11 102.24 105.31 101.36 117.25 5.77 5.99 5.11
15 16 127.46 87.04 -136.20 -123.65 145.07 129.92 98.14 78.33 117.12 6.60 5.49 10.50
16 17 -29.56 137.18 -148.27 -177.25 -147.50 121.56 94.61 108.33 146.71 6.64 5.67 11.53
17 18 -17.25 -101.96 -78.98 129.88 -135.93 117.42 111.92 135.26 141.73 6.40 6.20 7.60
18 19 16.80 170.93 74.90 148.14 -143.35 85.82 107.71 90.40 143.91 5.24 6.19 5.04
19 20 169.35 -142.47 81.03 157.06 -159.29 98.27 101.18 89.60 144.31 5.85 6.01 4.79
20 21 -176.46 -98.87 49.01 170.67 -138.60 99.48 102.37 92.96 145.66 5.87 5.81 3.95
21 22 148.96 -149.20 84.07 161.41 -171.17 135.18 103.99 94.68 148.88 6.97 6.09 5.30
NNNNNNN,NNNINNNNNNNNNNNN
1 2 159.13 -15.43 -82.54 172.88 179.87 104.91 86.56 89.19 146.33 6.22 5.34 4.63
2 3 51.10 39.60 144.65 -77.44 168.94 144.88 122.43 108.51 127.05 7.31 6.28 11.73
3 4 -29.65 -177.56 20.36 -173.31 -166.77 135.86 135.75 111.56 145.51 6.60 7.06 7.51
4 5 120.74 -172.12 80.90 165.49 -159.75 110.36 101.32 92.82 150.06 6.38 6.02 4.82
5 6 175.86 -165.92 81.89 -178.26 -172.31 97.70 101.22 89.83 154.16 5.86 6.02 5.31
6 7 -176.28 -110.49 64.58 159.85 -152.25 90.60 98.01 87.44 146.88 5.45 5.86 4.13
8 9 174.78 -129.72 65.55 164.74 -165.87 95.86 103.34 88.53 146.43 5.72 6.05 4.24
9 10 166.26 -7.84 -63.73 -171.73 162.51 105.28 100.86 84.40 142.18 6.20 6.03 5.05
10 11 159.47 10.64 -3.25 -83.43 167.88 142.67 148.13 124.81 108.97 11.11 11.26 15.07
11 12 156.12 155.43 45.40 -97.78 160.61 113.72 103.55 102.99 141.10 6.13 5.55 4.63
12 13 161.05 104.74 -138.82 -148.28 147.43 128.60 109.04 84.28 138.72 6.73 6.26 10.57
13 14 -40.86 -40.30 -74.09 -156.70 156.23 137.93 126.51 128.47 122.28 6.97 6.76 7.94
14 15 58.74 176.32 47.59 -161.46 -178.60 106.60 103.66 105.27 137.42 5.95 5.71 4.41
15 16 155.93 -166.22 66.37 -156.21 177.04 117.70 103.93 94.28 150.14 6.55 6.13 4.67
16 17 171.71 -151.84 -38.91 172.71 -148.32 87.06 124.17 110.81 151.11 5.28 6.73 8.26
17 18 85.07 -79.44 -93.78 128.63 -137.22 126.84 111.90 131.15 144.40 6.99 6.46 7.75
18 19 -2.35 172.71 76.50 159.81 -153.41 81.20 106.94 88.48 142.49 4.96 6.22 5.06
19 20 172.85 -137.51 71.43 156.49 -154.09 105.94 102.17 88.77 147.68 6.24 6.05 4.41
20 21 177.84 -105.96 58.05 170.25 -143.97 92.27 100.14 90.66 142.17 5.37 5.67 4.06
21 22 153.05 -151.57 83.56 151.90 -163.32 130.15 103.72 90.36 149.23 7.15 6.26 5.27
