NIINNIN,NNN
1 2 -62.01 172.91 -12.35 -161.33 164.43 136.63 84.75 107.59 134.63 16.09 13.26 9.15
2 3 104.27 -89.03 -74.58 -174.43 149.69 95.21 122.76 88.25 143.81 5.64 6.70 6.80
3 4 148.54 145.22 42.20 170.46 -145.86 135.31 66.36 145.06 144.63 8.25 4.87 4.51
5 6 177.35 -131.01 71.17 162.92 -159.89 96.76 99.41 94.02 147.58 5.81 5.93 4.31
6 7 167.03 -136.27 68.34 152.91 -151.84 95.65 101.57 91.62 150.65 5.78 6.05 4.26
NINNIN,NNN
1 2 -75.07 164.42 -6.34 -169.29 155.98 138.85 107.22 95.18 138.51 11.57 10.20 6.47
2 3 106.84 -48.74 -107.26 169.27 165.48 116.66 122.19 83.91 143.68 6.54 6.72 7.66
3 4 130.12 146.33 19.44 -167.79 -153.55 131.20 69.79 145.31 143.90 7.74 4.75 4.54
5 6 165.87 -144.94 71.01 159.32 -158.62 98.45 102.79 94.14 146.00 5.92 6.11 4.70
6 7 168.58 -140.73 66.12 177.87 -162.51 95.15 105.01 93.59 152.45 5.74 6.18 4.57
NNNN,NNN
1 2 166.72 -162.40 79.39 -145.91 151.31 95.07 99.97 87.07 137.25 5.79 6.01 4.93
2 3 173.11 -131.43 62.41 162.22 -170.35 124.74 96.87 108.82 152.67 6.95 5.84 4.18
3 4 150.24 -149.64 58.67 175.09 -143.86 82.57 98.33 109.51 145.81 5.18 5.93 4.10
5 6 149.98 -165.31 73.16 117.83 -142.62 82.46 97.58 90.29 132.25 5.16 5.87 4.47
6 7 174.67 -143.64 77.76 161.11 -153.51 94.05 106.22 87.49 148.48 5.63 6.14 5.19
