NNNNNNN,NNNNNN
1 2 164.18 -150.22 67.14 163.46 -158.20 111.62 105.36 90.95 150.17 6.21 5.97 4.54
2 3 165.07 -18.73 -70.17 177.04 166.74 98.56 104.46 84.53 137.97 5.89 6.11 4.89
3 4 45.45 165.82 110.21 -72.16 156.77 135.83 80.29 125.72 122.85 6.88 4.50 7.44
4 5 -44.16 22.68 70.08 142.36 -155.25 135.35 89.69 88.05 149.44 6.72 5.47 7.09
5 6 170.82 -131.30 65.62 149.44 -160.57 94.13 110.03 95.15 149.83 5.68 6.41 5.15
6 7 164.71 -107.15 52.72 170.03 -140.74 86.20 104.75 98.92 143.92 5.34 6.06 4.31
8 9 174.61 -131.20 67.07 160.95 -159.61 103.38 104.40 92.82 149.12 6.07 6.18 4.48
9 10 166.34 169.79 62.82 -162.23 -148.62 91.69 95.77 134.62 150.19 5.61 5.51 7.56
10 11 -153.95 165.03 71.79 165.07 -163.89 117.89 98.68 86.55 148.81 6.33 5.85 4.30
11 12 171.09 -116.68 61.58 179.20 -170.92 98.84 102.04 90.79 154.60 5.86 6.05 4.14
12 13 158.79 -142.57 67.39 154.00 -157.63 96.63 101.78 90.92 146.40 5.88 6.09 4.42
