NNNNNNN,NNNNNNNN
1 2 170.41 -143.00 74.36 154.37 -154.06 92.23 99.59 94.38 149.22 5.62 5.98 4.52
2 3 177.30 -123.46 64.08 -173.48 -172.48 99.16 99.09 89.96 151.04 5.87 5.84 4.11
3 4 155.31 171.06 50.18 -171.36 -139.14 98.53 101.46 124.42 138.59 5.93 5.65 6.94
4 5 -163.37 146.51 82.10 153.98 -151.35 135.27 106.49 91.67 148.26 6.70 6.26 5.43
5 6 -175.87 -123.11 62.83 168.60 -158.27 96.87 101.19 90.55 150.92 5.73 5.89 4.11
6 7 159.02 -127.09 70.45 153.95 -151.06 101.48 100.97 91.35 148.38 6.03 6.05 4.33
8 9 164.70 -137.47 74.58 175.55 -167.44 96.61 102.51 91.11 152.04 5.84 6.08 4.54
9 10 172.90 -18.35 -70.03 175.42 170.83 98.88 102.45 81.75 140.69 5.91 6.02 4.68
10 11 51.02 173.34 121.51 -81.36 152.55 136.18 75.47 140.59 113.69 6.78 4.24 7.48
11 12 -54.66 39.96 61.28 145.46 -154.91 127.98 98.20 87.74 145.60 6.66 5.90 7.22
12 13 161.25 -132.68 67.93 155.53 -159.62 100.97 106.39 95.28 146.75 5.97 6.25 4.95
13 14 164.88 -134.92 67.36 167.40 -158.50 92.24 102.58 95.16 151.40 5.62 6.08 4.43
14 15 163.64 -131.18 70.46 149.79 -148.05 95.53 101.98 92.41 144.62 5.77 6.07 4.39
