NNNNNN,NNIINNNN
1 2 -176.91 -145.48 48.69 152.45 -143.76 115.40 115.84 85.05 152.43 6.20 6.33 4.73
2 3 137.71 -151.91 84.16 161.75 -154.47 110.72 104.02 99.52 141.75 6.47 6.25 5.76
3 4 176.37 -179.02 85.95 144.39 -146.10 110.82 100.23 91.97 145.20 6.53 6.08 5.56
4 5 177.79 -150.13 77.07 138.74 -142.50 101.23 108.92 83.59 152.34 6.09 6.39 4.86
5 6 169.83 -139.41 78.14 142.12 -148.91 96.02 103.62 89.56 152.32 5.82 6.16 4.88
7 8 -179.13 -134.92 58.81 -165.40 -160.89 92.91 108.51 96.87 136.27 5.65 6.16 4.47
8 9 107.63 166.39 94.65 -150.61 -162.09 67.80 50.61 131.03 155.06 6.70 5.59 4.45
9 10 -145.54 -153.36 70.66 163.61 -167.01 104.52 99.72 101.66 149.89 5.84 5.73 4.83
10 11 166.26 -120.41 68.29 159.81 -144.46 87.55 98.87 96.07 144.21 5.43 5.94 4.38
11 12 174.01 -143.37 73.78 149.24 -156.18 118.80 106.80 96.87 158.86 6.60 6.20 5.25
NNNNNN,NNNNNN
1 2 145.93 -134.93 67.69 -159.08 156.82 122.58 110.14 87.68 134.96 6.20 6.01 5.01
2 3 167.68 -166.83 73.74 148.28 -153.87 116.06 113.05 100.07 144.82 6.53 6.51 6.49
3 4 163.58 -137.28 58.53 32.71 155.61 83.71 100.97 145.48 86.43 5.21 5.65 5.49
4 5 -163.51 -161.56 38.10 32.24 146.29 98.65 98.65 145.62 93.33 5.27 5.17 5.03
5 6 -173.83 -115.12 -4.81 174.50 -147.72 118.61 114.92 113.95 140.73 6.13 5.97 4.98
7 8 155.96 -151.42 58.89 146.51 -129.76 81.23 105.98 96.85 145.35 5.10 6.21 4.14
8 9 167.26 -158.51 75.10 -174.88 161.10 112.12 116.68 83.13 138.50 6.11 6.21 5.33
9 10 163.52 -100.01 58.21 72.68 -158.52 117.07 108.14 106.02 136.94 6.57 6.19 4.53
10 11 154.69 -168.15 41.31 -167.07 -139.88 93.64 104.83 127.20 136.45 5.56 5.66 5.50
11 12 -166.87 171.13 64.89 145.85 -150.04 127.38 108.44 93.18 145.67 6.20 6.21 4.77
