NNNNNNNNNNINNN,NNNNNNNNNIN
1 2 175.46 63.78 63.16 124.51 -136.16 84.78 90.72 82.31 138.63 5.22 5.43 8.22
2 3 168.82 -98.32 45.80 148.47 -160.04 103.35 115.75 95.35 152.40 5.86 6.46 5.04
3 4 146.93 -124.26 62.01 135.31 -148.25 88.26 105.37 94.98 139.29 5.37 6.15 4.57
4 5 166.93 -119.72 56.62 161.40 -156.83 91.92 105.64 91.33 150.58 5.47 6.03 4.31
5 6 162.51 -111.53 -73.60 159.69 -157.62 91.91 120.04 89.60 154.66 5.50 6.64 7.23
6 7 24.81 -127.87 65.84 166.63 -168.23 102.64 101.65 93.10 143.87 6.07 6.02 4.31
7 8 169.69 -147.40 105.51 -133.09 144.22 102.75 122.49 88.72 112.97 6.00 6.55 7.31
8 9 -124.06 109.86 58.20 -175.84 150.55 112.28 90.29 84.04 133.33 5.64 4.62 6.41
9 10 167.97 135.19 6.01 -89.91 155.76 115.74 77.44 96.98 144.93 6.08 4.65 5.96
10 11 71.05 -116.10 82.50 131.61 -152.40 141.65 50.46 96.20 144.11 11.52 6.67 4.47
11 12 177.43 -133.92 70.06 164.57 -175.68 82.39 108.57 98.96 141.96 5.06 6.31 5.06
12 13 170.83 165.12 80.27 126.40 -143.60 103.67 101.18 91.94 143.32 6.14 6.06 6.32
14 15 175.00 -135.00 71.71 141.06 -151.00 107.84 106.25 94.76 140.72 6.27 6.22 4.88
15 16 171.03 -144.82 73.75 151.84 -163.00 92.76 105.01 97.27 146.59 5.62 6.16 5.17
16 17 172.80 -133.45 57.65 176.04 -167.62 88.67 105.07 99.45 141.68 5.42 6.13 4.39
17 18 158.75 -122.45 -73.41 134.51 -148.69 90.98 124.38 77.54 139.20 5.51 6.63 6.94
18 19 24.97 -123.45 67.02 171.52 -172.79 103.49 114.78 92.01 145.79 5.83 6.46 5.29
19 20 176.35 -124.05 83.36 -143.69 156.48 96.91 120.13 93.06 115.61 5.67 6.52 6.80
20 21 -174.17 133.44 49.19 171.88 -178.99 101.79 95.13 85.05 143.97 6.08 5.71 6.54
21 22 -173.41 109.21 8.18 -122.94 170.53 130.13 76.02 101.14 149.44 6.15 4.19 5.59
22 23 78.23 -133.72 110.69 149.80 -137.72 98.83 75.26 90.96 136.50 8.03 6.66 5.86
