NNNNNNNIN,NNN
1 2 159.42 -135.14 78.02 163.29 -158.79 96.70 103.08 95.69 142.44 5.79 6.11 4.76
2 3 174.48 -149.61 76.04 157.96 -157.47 100.75 101.58 90.59 152.23 6.04 6.07 4.70
3 4 174.69 -100.98 48.78 -141.31 173.85 97.67 98.69 140.89 143.69 5.86 5.50 5.00
4 5 -83.13 -79.89 -1.19 -100.39 147.66 101.93 144.36 72.15 127.85 4.86 6.18 7.92
5 6 119.76 117.24 37.19 -169.77 -155.91 160.79 91.13 85.93 150.16 7.04 5.10 5.98
6 7 128.86 48.42 99.98 -16.51 -158.01 121.47 115.98 126.61 100.46 6.50 6.37 11.40
7 8 17.68 16.40 104.30 -170.84 -151.68 151.94 51.13 130.00 145.44 9.00 4.36 4.92
9 10 134.78 147.66 54.44 25.86 -158.14 132.82 107.28 96.44 108.49 7.12 6.31 5.80
10 11 -174.22 -53.53 133.55 128.15 -144.37 128.52 121.11 82.25 143.50 6.63 6.28 10.24
