NNNNNN,NNNNNN
1 2 167.24 -126.22 65.87 164.51 -165.17 94.15 105.13 90.65 148.42 5.69 6.19 4.42
2 3 177.68 -122.13 40.57 -162.63 -155.84 95.45 115.27 84.96 151.20 5.64 6.21 4.40
3 4 -152.18 142.80 52.86 163.60 -153.40 152.91 122.25 99.01 148.15 6.77 6.34 6.50
4 5 146.18 -139.18 58.19 166.19 -143.53 105.68 111.42 110.92 145.02 6.30 6.50 5.16
5 6 173.45 -137.39 57.81 159.26 -150.77 107.69 102.15 88.07 150.65 6.08 5.83 4.12
7 8 178.20 -129.40 63.12 160.24 -161.08 98.67 102.12 88.22 148.45 5.83 5.99 4.17
8 9 174.81 -114.78 44.43 -154.09 -164.61 95.37 109.46 95.28 140.76 5.59 5.74 4.20
9 10 168.71 125.23 93.70 136.47 -142.31 150.36 109.34 90.23 143.92 7.08 6.41 7.87
10 11 -173.59 -136.15 77.72 139.50 -142.45 90.14 106.03 90.48 141.97 5.51 6.23 4.83
11 12 -177.79 -105.98 53.43 157.86 -152.01 97.27 104.35 92.13 149.75 5.72 6.01 4.25
