NNNNNNN,NNNNNNN
1 2 170.87 -140.41 75.12 171.95 -170.12 94.85 102.17 90.92 150.00 5.65 5.94 4.55
2 3 178.39 -120.54 60.37 -155.57 167.08 103.11 104.35 91.26 151.12 5.99 6.06 4.35
3 4 159.94 -142.95 77.67 -136.04 158.04 100.60 101.12 78.95 130.99 5.96 5.99 4.53
4 5 169.84 169.34 74.82 147.39 -146.23 136.19 98.00 87.34 144.13 7.18 5.82 6.29
5 6 171.87 -124.71 68.10 152.92 -156.51 104.53 105.22 90.40 148.56 6.05 6.10 4.43
6 7 167.60 -140.65 68.67 173.52 -166.07 92.19 103.15 91.49 147.43 5.52 6.01 4.54
8 9 -97.50 -121.25 63.86 167.65 -164.68 86.72 105.15 89.43 150.58 5.12 5.99 4.40
9 10 176.31 -91.54 48.70 -150.40 176.07 98.27 97.09 99.65 123.79 5.62 5.59 4.42
10 11 160.45 113.02 88.45 122.84 -142.05 123.35 90.48 88.35 151.15 6.81 5.50 7.86
11 12 -170.97 -128.70 67.26 172.31 -168.01 89.34 102.46 99.94 149.63 5.49 6.09 4.89
12 13 162.83 -157.60 76.24 -156.78 -178.86 90.41 99.73 91.74 149.71 5.52 5.94 4.68
13 14 -178.96 -107.21 59.13 160.40 -159.05 99.72 102.08 90.75 152.49 5.82 5.96 4.42
NNNNNNN,NNNNNINN
1 2 176.30 -156.44 70.61 159.89 -148.79 91.38 103.86 89.48 146.55 5.57 6.11 4.88
2 3 163.09 -142.34 75.46 168.78 -162.92 108.13 107.22 98.49 145.38 6.31 6.35 5.25
3 4 172.50 -149.49 75.55 -160.34 178.66 108.33 100.37 102.73 139.92 6.43 6.02 4.94
4 5 172.96 -150.50 63.47 -118.09 169.24 107.19 114.60 110.83 166.18 6.33 6.62 5.72
5 6 175.05 -145.06 62.94 -164.83 -168.47 108.70 100.51 98.30 151.53 6.11 5.74 4.31
6 7 161.20 -105.47 63.25 176.40 -175.87 88.81 106.55 89.28 156.58 5.29 6.14 4.72
8 9 168.65 -142.34 80.69 -178.61 -166.96 92.56 101.64 111.34 152.61 5.63 6.10 5.54
9 10 172.95 -167.50 59.50 176.13 -156.20 84.86 114.55 99.19 138.84 5.25 6.47 5.18
10 11 155.90 -148.26 70.10 107.73 -133.26 121.38 117.45 113.30 157.91 6.78 6.71 6.12
11 12 167.32 -166.90 71.99 3.90 164.69 92.30 102.98 110.99 101.62 5.70 5.97 5.40
12 13 141.85 -84.60 32.95 110.33 -141.19 126.71 95.13 91.18 146.74 10.51 9.07 4.66
13 14 135.37 -120.70 70.70 161.10 -162.71 73.30 97.36 98.95 150.99 4.54 5.79 4.60
