NNNNNNNNNNNNNNN
1 2 -156.64 139.59 13.71 -168.35 -139.58 123.29 139.79 103.58 147.42 5.76 6.15 5.44
2 3 143.65 -137.02 59.70 -157.66 153.00 146.12 112.02 94.78 122.66 6.69 6.15 5.03
3 4 152.53 -130.15 61.87 -170.37 174.03 99.45 98.35 117.48 153.43 5.80 5.99 4.47
4 5 152.34 -150.92 63.46 -172.02 -153.76 87.28 101.04 121.94 151.16 5.49 6.09 5.01
5 6 177.09 -44.69 176.55 -159.35 -147.48 112.76 103.22 131.37 142.67 6.41 5.67 9.72
6 7 -4.10 -174.25 35.44 171.65 -164.07 132.52 115.86 91.74 152.83 6.66 6.58 4.43
7 8 131.96 -143.62 71.64 152.20 -152.04 92.06 105.77 92.12 150.03 5.57 6.19 4.82
8 9 163.23 -144.78 71.13 147.29 -148.29 88.04 104.47 90.16 142.63 5.42 6.14 4.44
9 10 162.81 -154.45 74.98 152.98 -149.85 89.84 107.77 90.97 147.83 5.49 6.28 5.09
10 11 168.17 -149.60 78.61 164.47 -160.78 92.68 99.23 92.77 151.19 5.62 5.91 4.72
11 12 172.74 -143.58 72.74 144.43 -148.72 98.02 101.25 96.67 145.79 5.88 6.06 4.63
12 13 167.49 -150.42 66.25 162.28 -150.50 95.19 108.73 100.46 143.00 5.80 6.34 5.11
13 14 176.48 -145.49 57.85 172.91 -152.12 103.99 109.39 87.28 149.04 5.89 6.01 4.41
14 15 157.15 -126.96 71.25 156.94 -160.84 108.83 106.69 90.65 150.91 6.12 6.14 4.79
