NNNNNNNNINNNNN
1 2 169.68 -150.33 77.23 165.05 -162.84 103.69 98.64 92.68 149.51 6.14 5.93 4.53
2 3 176.94 -131.61 73.30 168.38 -170.61 93.26 96.06 96.74 152.66 5.62 5.75 4.42
3 4 172.49 -113.15 37.63 172.73 -147.83 87.13 118.26 106.60 154.54 5.33 6.61 5.08
4 5 167.22 -123.54 49.72 130.50 -132.12 139.17 97.13 139.26 145.34 7.28 5.60 5.29
5 6 169.79 -162.50 -125.69 147.96 -162.84 92.39 132.35 95.94 142.53 5.33 7.04 9.90
6 7 -21.85 -112.35 40.17 -161.71 -167.03 97.08 109.12 107.37 146.58 5.79 6.26 4.59
7 8 160.19 -114.74 -26.39 -93.22 164.39 108.05 115.94 110.29 115.08 5.92 6.22 5.23
8 9 131.39 -127.68 14.32 173.92 -179.07 95.76 132.47 86.91 141.63 9.99 11.58 11.99
9 10 150.81 114.22 68.34 144.24 -148.06 134.39 81.67 87.96 145.26 6.56 4.80 6.29
10 11 168.92 -115.68 62.54 142.37 -151.90 97.09 102.27 96.42 143.76 5.74 6.02 4.42
11 12 160.55 -127.52 66.73 161.31 -166.85 93.46 106.61 93.24 153.69 5.62 6.21 4.61
12 13 164.77 -130.28 69.20 165.03 -167.21 89.97 102.32 96.50 154.72 5.50 6.05 4.59
