NNNNNIINNNNNNN
1 2 134.21 -130.79 73.35 158.33 -174.03 134.75 127.45 78.37 153.49 7.17 6.75 5.35
2 3 170.93 -108.85 59.28 142.83 -145.99 92.26 109.03 96.22 134.71 5.42 6.38 4.69
3 4 157.71 -172.27 77.01 -148.21 -165.09 115.12 121.36 106.59 151.94 6.61 6.77 7.02
4 5 -168.64 -137.95 41.21 153.39 -146.83 129.62 119.77 93.85 132.74 7.02 6.73 4.62
5 6 161.31 -142.31 156.73 176.04 -170.69 141.71 63.96 94.64 136.60 13.36 9.11 12.36
6 7 -50.34 -122.73 30.00 -171.42 -179.42 158.09 115.80 93.01 152.18 7.30 6.54 5.48
7 8 -157.46 -67.84 46.98 -164.63 176.59 136.89 94.35 99.86 149.77 6.65 5.26 8.14
8 9 143.04 -108.37 134.54 165.21 -154.28 88.33 95.02 132.34 151.63 5.43 5.73 7.02
9 10 -105.73 159.17 55.66 -133.18 176.37 109.09 118.74 108.68 150.09 6.38 6.78 6.39
10 11 175.92 -176.30 42.57 -157.23 -163.29 114.35 118.07 94.05 149.46 6.40 6.32 5.21
11 12 158.70 -127.87 47.85 164.21 -162.15 129.32 110.21 92.85 144.03 6.62 6.23 4.50
