NNNNNNNNNN
1 2 165.33 -139.59 90.38 -135.93 151.80 89.92 121.93 101.39 112.35 5.42 6.67 7.17
2 3 -151.76 -48.29 -105.92 155.86 -160.99 109.85 127.74 90.98 150.65 6.07 6.72 8.12
3 4 -6.20 -133.35 62.85 -178.83 -171.54 94.70 102.60 98.67 149.88 5.69 6.02 4.46
4 5 170.26 -100.94 47.46 -165.37 158.74 82.83 117.13 110.97 131.12 4.96 6.40 5.99
5 6 167.68 143.23 23.09 143.45 -143.81 99.59 119.63 84.68 142.80 5.73 6.43 6.83
6 7 115.76 -137.82 78.73 139.70 -149.49 99.68 106.67 93.33 141.44 5.89 6.26 5.15
7 8 175.81 -139.33 70.60 163.57 -159.93 91.59 104.56 93.83 148.97 5.58 6.14 4.72
8 9 166.11 -136.60 69.57 163.46 -158.69 96.40 103.15 93.26 148.71 5.81 6.13 4.45
9 10 164.58 -140.91 73.87 159.46 -159.17 95.61 101.07 93.95 143.20 5.77 5.99 4.53
