NNNINNNNNNINN
1 2 177.53 -146.86 65.15 -118.82 152.43 81.39 111.61 87.34 141.78 4.93 6.16 5.14
2 3 162.89 153.07 78.81 8.11 -168.12 102.68 103.49 132.07 90.47 6.03 6.12 9.45
3 4 -16.94 40.97 91.09 -160.10 -159.08 145.02 49.58 131.92 149.71 9.47 4.59 4.17
4 5 -136.01 164.55 68.68 154.14 -153.87 116.50 108.52 91.05 151.41 6.50 6.32 4.94
5 6 165.70 -130.38 64.40 172.78 -169.35 95.79 104.47 102.76 139.19 5.78 6.16 4.74
6 7 166.07 -130.30 44.92 -169.02 -159.58 109.14 107.06 114.73 148.21 6.44 6.33 4.68
7 8 168.03 -176.69 73.92 179.77 163.49 126.53 108.68 89.11 142.95 6.99 6.37 5.10
8 9 -162.21 156.80 85.92 169.21 161.95 126.94 102.19 109.03 144.18 6.61 5.74 7.81
9 10 -59.41 58.97 33.52 178.64 -168.41 94.10 74.50 96.28 150.14 7.39 6.23 5.43
10 11 133.28 142.03 -179.47 -156.26 -171.33 83.25 100.82 157.36 152.81 5.05 5.43 10.70
