NINNNNNNNNNNNNNN
1 2 178.61 -126.21 28.41 178.02 172.46 137.87 120.56 128.08 142.75 11.16 10.46 9.80
2 3 166.66 107.46 34.90 -75.24 153.32 105.01 74.41 101.64 114.68 5.97 4.51 4.82
3 4 -156.17 -107.38 136.31 76.57 -133.67 140.88 130.82 76.20 108.85 6.90 6.69 10.15
4 5 -130.29 -117.52 8.38 -127.12 -175.48 95.80 116.80 126.02 144.41 5.77 6.35 5.97
5 6 -176.63 118.71 -43.14 -89.38 158.34 101.84 139.85 124.73 134.54 5.25 6.55 10.69
6 7 132.29 -115.85 -80.91 117.36 -146.10 121.32 114.95 89.66 140.86 6.53 6.47 6.72
7 8 23.35 -122.09 61.10 157.71 -169.68 90.69 109.83 97.40 146.42 5.49 6.32 5.09
8 9 165.79 -140.79 93.23 -138.61 154.95 84.16 113.21 100.61 114.75 5.16 6.39 6.97
9 10 -163.47 -162.65 50.35 -160.05 -173.16 115.65 99.96 104.20 146.26 6.57 5.90 4.30
10 11 150.03 -144.04 54.60 170.49 -145.38 116.61 105.24 110.78 144.91 6.63 6.29 4.54
11 12 167.86 -168.89 73.88 152.72 -155.47 123.55 107.43 99.28 147.72 6.88 6.29 5.33
12 13 168.73 -154.92 78.79 162.19 -165.54 97.51 103.71 94.38 148.86 5.91 6.16 5.04
13 14 177.75 -145.23 74.90 -163.93 160.85 96.25 102.80 90.85 137.34 5.81 6.11 4.82
14 15 -155.11 170.42 126.89 -165.62 -140.11 138.08 72.06 101.27 144.23 6.82 3.96 6.30
