NNNNNINNNNNN
1 2 175.61 -121.00 71.94 177.55 -173.27 88.23 109.20 94.45 149.92 5.39 6.30 5.12
2 3 170.39 136.80 93.38 -164.58 -178.29 87.84 111.52 92.10 149.46 5.38 6.41 8.38
3 4 -171.18 -151.56 74.65 -161.02 -179.53 106.65 96.19 87.58 155.02 6.28 5.83 4.28
4 5 179.41 -24.23 -72.09 178.70 -161.09 96.76 104.39 102.61 152.23 5.68 5.76 5.59
5 6 38.94 -122.88 -13.94 152.67 -158.07 156.14 129.37 91.82 153.07 11.65 11.14 8.40
6 7 83.81 -137.83 92.72 -102.80 145.47 89.68 96.80 87.03 140.95 5.47 5.80 5.19
7 8 -173.95 -124.40 58.43 -81.16 149.39 111.09 105.26 98.85 148.73 6.45 6.16 4.22
8 9 163.41 -149.69 80.14 158.79 -169.83 124.76 117.67 99.00 147.89 6.76 6.59 6.13
9 10 175.99 -149.13 70.00 173.75 -165.78 87.36 98.57 91.18 150.48 5.39 5.94 4.26
10 11 165.19 -94.03 55.80 -163.06 -163.56 101.19 106.68 109.17 148.00 6.05 6.27 5.06
