NNNNNNN
1 2 169.03 -5.23 171.33 140.66 -139.65 102.18 99.51 74.35 136.57 5.92 5.60 9.20
2 3 -83.53 -117.57 62.02 156.42 -159.89 112.71 111.59 91.41 146.73 5.83 6.00 4.94
3 4 166.30 -138.32 65.57 165.68 -167.35 90.59 111.85 97.15 156.40 5.32 6.25 5.36
4 5 160.71 -147.99 66.58 163.18 -158.87 86.41 103.94 89.92 145.97 5.37 6.18 4.43
5 6 158.30 -133.39 69.67 166.97 -152.74 94.17 104.24 96.12 142.27 5.76 6.24 4.54
6 7 170.17 -141.46 66.59 149.88 -144.51 112.74 106.01 86.65 150.73 6.39 6.09 4.22
NINNNNNN
1 2 176.03 12.73 -151.50 143.62 -142.44 64.51 117.47 86.05 144.54 7.73 10.97 13.72
2 3 -50.97 -101.16 58.50 151.01 -151.99 99.81 102.57 92.97 151.85 5.92 6.00 4.32
3 4 153.30 -149.24 72.55 167.88 -158.54 94.61 106.52 96.30 151.18 5.74 6.27 5.09
4 5 170.06 -150.35 68.69 166.97 -156.24 95.39 103.88 90.67 150.00 5.82 6.19 4.64
5 6 166.38 -139.06 66.73 153.70 -147.84 100.23 105.17 91.92 149.42 5.96 6.15 4.54
6 7 163.06 -138.82 68.00 157.74 -148.81 99.91 104.46 88.37 150.63 5.96 6.16 4.32
NINNNNNIN
1 2 -148.92 -48.11 -82.78 151.99 -156.75 67.91 132.68 95.37 146.35 7.66 11.18 13.73
2 3 13.24 -142.96 71.41 150.84 -154.36 91.83 109.98 98.92 145.40 5.54 6.41 5.30
3 4 165.69 -153.72 73.19 162.60 -160.86 88.52 105.84 92.40 149.38 5.45 6.22 4.89
4 5 166.14 -149.98 76.78 158.74 -160.33 93.34 99.15 94.10 146.72 5.72 5.99 4.72
5 6 172.99 -143.92 70.87 165.13 -159.10 90.70 104.07 97.59 149.40 5.53 6.12 4.83
6 7 151.13 -112.05 32.13 119.05 -139.50 137.41 89.39 94.64 148.63 12.46 10.05 5.86
