NNNNIN
1 2 174.55 -117.11 68.15 169.28 -151.45 98.47 98.01 98.93 145.97 5.95 5.91 4.38
2 3 177.91 -149.24 73.70 -158.86 158.10 123.98 107.21 79.30 137.97 6.87 6.28 4.79
3 4 -177.66 100.71 44.95 -80.68 134.67 140.71 97.69 80.19 120.02 7.18 5.64 7.43
4 5 93.87 -112.98 84.52 179.73 -149.77 95.20 71.57 107.41 150.38 8.32 6.91 4.38
NNNNN
1 2 167.13 -145.79 62.89 163.14 -158.61 104.51 113.75 90.51 151.48 5.76 6.05 4.99
2 3 156.81 -144.60 76.73 165.76 -164.48 96.61 104.76 95.33 152.15 5.55 6.03 4.88
3 4 13.01 -45.99 76.19 -149.99 165.68 116.85 64.38 92.92 132.01 15.82 12.49 11.02
4 5 30.31 -120.51 -79.27 179.58 -173.05 27.25 28.48 94.69 151.19 5.75 5.76 4.67
