NININNN
1 2 121.37 -133.51 -16.13 -156.03 145.46 57.77 102.46 91.86 129.79 6.79 9.66 4.64
2 3 79.22 165.33 9.08 150.45 -163.34 130.53 103.79 94.61 150.24 12.31 11.01 9.58
3 4 108.30 -128.25 59.81 153.80 -153.50 89.19 106.43 94.53 147.96 5.46 6.24 4.45
4 5 155.58 -131.75 68.23 160.23 -159.82 89.95 108.27 96.19 149.79 5.53 6.30 4.85
NNINNN
1 2 164.49 -81.24 -69.82 172.65 166.78 90.51 113.51 84.00 138.97 5.45 6.45 5.11
2 3 29.37 -169.73 8.66 149.45 -155.33 135.67 111.10 89.60 145.82 11.35 10.26 8.71
3 4 109.36 -124.16 60.79 148.72 -154.59 95.09 107.20 94.37 149.40 5.68 6.23 4.59
4 5 158.02 -125.65 67.01 159.61 -162.07 94.64 104.31 89.66 152.03 5.74 6.13 4.36
