NNNNNNNNNNNIN
1 2 168.38 -135.32 69.04 156.25 -154.57 93.14 103.19 94.45 144.16 5.64 6.08 4.50
2 3 164.89 -134.74 71.85 162.06 -157.95 94.16 100.52 94.25 143.29 5.69 5.98 4.40
3 4 171.00 -146.81 70.46 171.48 -161.56 99.30 102.78 90.51 152.13 5.92 6.05 4.58
4 5 172.79 159.71 -19.50 162.71 -145.32 97.41 117.65 107.82 140.26 5.74 6.56 8.99
5 6 93.46 -148.64 61.41 148.02 -152.49 117.83 105.36 90.46 146.63 6.59 6.13 4.33
6 7 159.84 -136.07 69.34 159.25 -164.56 92.71 108.50 97.87 149.64 5.61 6.29 5.16
7 8 169.42 -137.18 62.66 -178.37 -169.12 84.89 104.03 93.08 148.22 5.22 6.08 4.39
8 9 159.53 -111.35 -77.31 147.15 -148.83 94.27 124.15 90.73 141.08 5.68 6.85 7.27
9 10 20.48 -128.35 69.93 161.30 -158.54 98.71 102.20 89.23 147.23 5.87 6.03 4.35
10 11 175.31 -117.59 90.73 -138.88 153.71 95.20 119.93 97.80 117.44 5.62 6.57 7.18
11 12 -139.64 -14.28 21.57 150.61 -153.10 151.12 114.93 91.65 150.78 12.75 11.40 11.69
