NNNNINNNNNNIN
1 2 171.34 -137.25 71.07 179.30 -170.56 97.13 104.77 91.75 153.84 5.76 6.11 4.58
2 3 168.46 -18.84 -65.96 172.63 165.05 98.87 105.48 81.60 142.33 5.91 6.16 4.65
3 4 59.63 75.33 28.76 32.92 -143.71 137.68 76.24 100.82 95.32 6.70 4.53 7.02
4 5 133.53 -0.02 -120.44 123.98 -136.24 61.03 150.95 85.09 140.08 6.67 11.24 12.73
5 6 -22.17 -122.41 68.19 144.80 -152.59 97.70 110.44 95.27 147.02 5.88 6.37 5.13
6 7 168.11 -130.47 67.26 165.47 -165.44 90.40 101.00 88.27 152.15 5.50 6.02 4.27
7 8 164.32 -136.02 68.36 166.78 -164.79 96.90 104.55 92.36 150.50 5.83 6.08 4.53
8 9 -171.94 170.34 89.82 157.04 -167.54 92.90 115.99 86.09 149.73 5.29 6.14 7.53
9 10 -170.01 -147.48 68.09 -179.69 -172.55 100.46 106.00 89.92 152.94 5.91 6.20 4.99
10 11 125.59 -39.67 2.08 -179.69 -141.56 131.92 96.68 138.69 142.41 9.31 7.52 5.14
