NNNIIIININN
1 2 176.49 -174.24 75.90 161.65 -167.81 127.65 106.99 107.97 141.37 7.01 6.27 5.73
2 3 176.98 -130.25 68.08 -155.07 173.06 81.76 100.93 89.61 126.48 5.02 5.95 4.57
3 4 -43.41 116.67 4.20 -174.71 166.75 143.91 95.85 87.04 140.55 13.69 11.36 8.00
4 5 -86.61 50.14 122.30 125.68 -142.29 148.20 37.93 79.81 141.55 9.96 4.22 5.23
5 6 -123.30 164.33 78.34 149.76 -150.37 91.48 110.90 83.78 145.82 5.22 5.87 7.13
NNNIIININN
1 2 174.38 170.86 80.26 141.64 -158.16 126.11 106.09 102.76 143.69 6.86 6.19 5.83
2 3 -179.40 -133.34 75.68 -170.33 169.14 85.39 95.71 83.97 133.97 5.24 5.75 4.38
3 4 113.65 -169.38 38.50 -139.05 157.25 158.90 61.53 87.87 145.60 16.49 11.46 9.05
4 5 88.38 -124.22 131.53 178.77 -153.98 79.80 83.85 93.40 145.30 6.66 6.92 6.21
5 6 -131.54 137.24 77.25 148.77 -143.24 114.60 102.92 83.82 144.84 6.43 5.98 6.96
