NNNNINNNNINNNN
1 2 176.79 -150.39 72.14 170.01 -164.03 98.51 100.66 89.91 150.16 5.90 6.00 4.55
2 3 167.36 -151.51 77.82 -175.01 178.64 93.93 104.04 87.45 153.80 5.68 6.13 4.94
3 4 -167.16 -97.82 51.64 163.46 -169.00 92.89 121.19 90.54 152.03 5.43 6.51 5.85
4 5 127.71 -91.60 36.00 179.51 171.19 127.52 88.40 89.32 149.05 11.62 9.56 5.51
5 6 162.26 109.12 8.54 43.15 -155.46 127.24 73.72 107.04 106.73 6.40 4.34 6.25
6 7 147.59 -77.20 -162.15 -163.95 151.17 122.59 127.65 84.53 131.17 6.68 6.72 10.24
7 8 -27.92 165.59 68.27 -177.37 166.11 117.02 112.34 90.03 143.78 6.04 5.96 7.11
8 9 -175.15 -118.01 87.20 146.42 -153.21 114.12 92.94 87.61 146.09 11.69 10.45 11.28
9 10 -175.43 -118.66 67.26 143.86 -154.18 91.10 103.81 92.87 148.84 5.46 6.08 4.43
10 11 167.31 -122.81 63.32 167.14 -166.14 86.23 105.13 92.85 153.65 5.27 6.14 4.49
11 12 160.53 -127.93 68.49 162.71 -161.87 93.56 102.34 96.05 151.99 5.67 6.05 4.50
