NNNNNINN
1 2 168.62 -135.87 70.91 165.73 -159.43 94.14 103.39 94.08 147.28 5.72 6.11 4.47
2 3 165.93 -152.57 75.22 156.87 -155.84 101.55 102.19 94.42 150.57 6.07 6.11 4.89
3 4 173.22 -118.32 -70.88 161.65 -163.74 95.19 123.28 85.95 151.17 5.76 6.81 7.02
4 5 30.64 -127.98 61.52 -161.37 176.68 95.22 108.56 93.04 151.32 5.66 6.26 4.74
5 6 111.89 -46.35 57.77 164.46 -165.70 134.76 81.00 96.30 151.08 9.85 7.21 4.61
6 7 156.72 -147.02 62.19 178.92 -158.65 88.52 103.94 91.05 151.46 5.41 6.06 4.33
NNNNININN
1 2 154.87 -139.08 69.28 174.20 -169.37 107.60 107.76 99.89 150.37 6.03 6.06 5.08
2 3 165.61 -145.25 70.49 175.17 -166.50 80.74 101.79 87.79 147.15 4.97 5.94 4.28
3 4 170.01 -113.94 -68.95 93.54 -158.01 92.98 143.05 93.70 103.73 5.55 6.95 8.11
4 5 17.02 -103.62 41.12 136.79 -174.73 97.17 96.24 99.31 151.66 9.36 9.48 6.24
5 6 79.79 49.75 -19.41 -41.11 159.51 113.94 141.10 75.23 102.94 9.64 10.60 7.49
6 7 27.93 -125.67 80.92 166.77 -164.70 155.65 87.53 94.51 149.76 7.58 5.37 4.65
