NNNNNNINNNNN
1 2 156.64 -141.19 60.23 140.80 -151.98 128.17 106.41 94.44 142.77 6.52 6.03 4.62
2 3 155.51 -123.04 60.96 156.07 -141.17 93.41 113.37 96.29 144.87 5.67 6.49 4.85
3 4 172.55 -119.12 33.49 -179.10 -141.40 112.40 110.34 117.81 147.37 6.19 5.80 4.81
4 5 179.59 -129.98 -99.59 153.77 -148.61 109.52 99.82 90.06 138.64 5.52 5.41 6.82
5 6 13.76 -127.19 47.46 143.91 -157.06 116.53 112.73 94.73 149.42 6.25 6.24 4.83
6 7 110.58 -45.68 15.20 -141.31 155.43 145.44 95.21 137.86 147.76 10.12 7.98 5.71
7 8 109.32 166.84 166.90 -121.98 170.51 88.44 109.75 119.53 146.92 5.46 6.43 9.39
8 9 -27.71 80.85 3.06 153.15 -169.77 132.44 89.39 118.45 146.58 6.76 5.20 7.50
9 10 99.77 -155.72 67.04 -122.64 151.71 82.95 100.98 93.71 147.73 5.18 6.06 4.41
10 11 164.68 -151.13 68.56 165.47 -159.01 89.83 110.05 92.42 154.60 5.48 6.38 5.17
