NNNNNNNNNN
1 2 168.93 -128.15 53.13 179.81 -152.18 94.41 116.85 105.24 154.83 5.70 6.69 5.17
2 3 -178.03 -140.25 38.48 -149.46 176.18 101.71 127.12 89.88 143.02 5.57 6.02 5.37
3 4 -146.66 -126.38 51.47 -81.48 150.84 150.58 99.14 95.06 126.01 6.78 5.27 6.55
4 5 -48.00 110.47 14.73 -71.48 155.11 135.64 116.93 135.76 113.39 6.03 5.96 5.40
5 6 -172.77 108.34 -9.14 -27.05 158.35 105.44 95.34 110.96 102.29 5.72 5.35 6.41
6 7 161.52 66.55 8.81 13.04 166.75 121.73 79.30 141.03 88.68 6.34 4.64 8.23
7 8 139.91 -157.23 42.44 21.07 168.52 105.36 97.59 124.30 84.48 6.19 5.87 4.49
8 9 163.41 -137.44 40.07 165.75 -143.56 114.10 112.28 93.30 148.61 6.54 6.44 4.33
9 10 138.80 -133.93 75.08 146.74 -157.27 105.59 104.25 98.27 147.21 6.01 6.01 4.92
