NNNNNNNINNNN
1 2 156.28 -139.61 70.93 177.14 -166.10 95.84 108.13 93.65 144.62 5.77 6.29 4.84
2 3 177.74 -101.80 49.90 -137.90 -168.31 102.17 86.99 148.93 135.74 5.94 4.89 4.51
3 4 -125.79 -160.46 -12.39 -100.42 -175.30 91.65 110.16 106.84 148.27 5.01 5.58 4.39
4 5 157.19 119.13 73.10 -170.25 -168.67 163.48 91.13 95.42 150.52 7.11 5.67 4.40
5 6 -156.86 -66.21 -109.03 -13.80 -164.06 106.83 98.71 98.07 105.93 5.80 5.33 7.50
6 7 -29.38 -60.93 -9.01 106.92 -163.34 116.21 126.14 114.81 93.17 6.49 6.39 4.51
7 8 -102.17 -151.76 -99.87 164.28 -166.36 140.41 103.55 93.46 148.37 11.49 10.41 10.26
8 9 -5.18 -139.65 73.38 -178.37 -178.16 92.44 101.65 93.95 154.36 5.62 6.06 4.57
9 10 176.95 -129.72 77.72 -146.11 149.30 93.96 104.87 79.32 134.64 5.60 6.07 4.92
10 11 -159.39 -45.43 57.37 122.96 -144.21 139.30 126.88 96.55 148.41 6.79 6.50 8.86
