NNNNNNNNNN
1 2 164.84 -153.52 73.72 -179.82 -172.04 99.33 102.43 94.94 150.06 5.96 6.09 4.84
2 3 -179.91 -126.07 54.79 -175.45 -161.83 91.22 104.79 90.38 145.99 5.45 5.97 4.15
3 4 155.48 -105.12 -81.34 177.46 -168.90 106.13 128.89 98.08 150.88 6.07 6.96 7.86
4 5 18.26 -125.69 70.62 -175.92 -171.01 91.15 100.87 91.99 147.49 5.51 5.94 4.49
5 6 174.80 -113.96 65.54 -123.93 155.71 105.67 126.04 113.21 140.87 6.16 6.84 7.11
6 7 -121.94 114.01 -31.99 150.00 -152.70 120.52 157.65 88.45 149.70 6.21 6.98 9.52
7 8 66.86 -135.41 67.36 -164.94 -177.91 96.03 100.62 92.39 153.03 5.70 5.94 4.32
8 9 168.04 -22.53 -67.96 174.14 171.92 97.23 100.64 80.53 143.29 5.78 5.86 4.39
9 10 54.25 178.29 136.86 155.13 -161.79 144.77 104.95 99.06 148.42 6.91 5.84 8.92
