NNNNNIIIINN
1 2 168.66 -134.61 75.00 175.62 -173.56 95.39 99.87 88.99 152.24 5.75 5.97 4.39
2 3 171.45 -144.24 43.43 179.86 -152.14 106.89 112.03 116.41 149.46 6.36 6.55 5.86
3 4 165.61 172.96 74.64 169.48 -164.48 125.68 104.82 87.20 149.64 6.95 6.17 4.88
4 5 169.71 -136.10 70.40 -169.50 -172.76 97.62 101.10 91.74 154.62 5.87 6.04 4.40
5 6 26.74 -54.46 78.12 -178.41 -153.73 112.99 67.00 123.14 142.93 14.41 11.46 9.82
6 7 -161.10 -151.49 57.54 163.35 -162.08 113.75 103.32 91.52 152.21 6.45 6.00 4.09
NNNNNINN
1 2 172.69 -135.13 63.60 168.53 -151.17 105.86 117.10 89.00 145.33 6.28 6.64 4.75
2 3 160.84 -131.08 65.00 149.65 -149.11 119.37 102.32 89.21 151.74 6.63 6.08 4.13
3 4 167.23 -151.90 60.72 -174.86 -155.03 86.11 103.12 81.52 150.58 5.19 5.71 4.03
4 5 143.31 -115.19 78.72 129.82 -153.08 138.98 99.94 101.94 138.92 7.11 6.00 4.84
5 6 -54.05 32.72 44.79 164.35 -141.34 143.36 80.42 98.27 141.35 12.94 9.70 8.61
6 7 157.49 -167.65 75.95 134.91 -142.26 135.01 106.60 89.36 150.40 6.93 6.23 5.21
