NNNNNN
1 2 173.09 -105.58 40.41 173.07 -137.33 95.64 106.11 123.44 145.77 5.80 6.27 4.78
2 3 164.20 -119.10 50.89 -179.96 -178.86 129.33 99.17 79.96 142.22 7.12 5.79 4.28
3 4 -136.88 20.79 12.84 173.48 -163.68 168.71 109.85 96.72 142.10 6.61 5.63 8.65
4 5 111.72 -145.00 62.49 162.95 -149.83 98.28 104.22 92.57 151.94 5.81 6.10 4.33
5 6 159.82 -106.01 57.59 155.74 -137.65 103.24 104.89 94.23 139.20 6.04 5.93 4.20
NNNINNN
1 2 170.19 -136.81 65.06 176.83 -167.72 91.27 104.09 90.30 151.41 5.54 6.09 4.39
2 3 175.07 -53.58 90.65 -120.42 158.46 93.62 79.68 132.12 141.54 5.48 4.68 6.83
3 4 -87.72 21.24 -12.19 149.15 -153.04 121.40 119.16 90.22 148.95 12.36 12.38 13.07
4 5 83.13 -161.24 79.79 -168.23 -169.85 98.65 96.70 86.87 153.41 5.93 5.83 4.84
5 6 -178.83 -99.27 63.04 163.87 -154.33 103.62 95.32 92.26 144.07 5.99 5.65 4.20
