NNNNNNNINNN
1 2 173.86 -127.21 54.84 170.13 -146.18 93.95 108.78 104.22 142.29 5.72 6.33 4.55
2 3 167.14 -147.48 64.13 161.95 -162.22 122.29 109.07 93.27 152.03 6.70 6.28 4.81
3 4 162.83 -130.47 66.63 168.76 -163.17 90.53 101.66 94.98 152.28 5.51 6.01 4.39
4 5 166.10 -114.72 -75.54 -174.68 -175.23 95.24 121.77 84.80 151.46 5.72 6.75 7.04
5 6 28.63 -125.64 56.62 -176.11 -174.63 97.16 110.19 89.77 152.36 5.73 6.27 4.62
6 7 160.20 -119.12 48.39 -159.56 157.96 93.58 109.82 108.56 124.31 5.57 6.27 5.00
7 8 -144.08 -136.72 -19.21 -136.37 -164.31 149.81 74.15 129.46 150.32 11.49 7.76 5.14
8 9 121.89 159.91 67.36 -175.07 -172.14 124.01 102.51 91.25 152.64 6.55 6.05 4.45
9 10 177.62 -94.51 50.46 146.98 -152.70 94.60 117.12 94.78 152.93 5.52 6.44 5.62
NNNNNNNNNN
1 2 176.84 -128.96 68.37 165.61 -163.25 98.72 102.05 87.91 148.57 5.88 6.06 4.23
2 3 172.87 -128.93 61.05 -166.44 -176.65 97.45 103.67 89.93 147.36 5.76 5.96 4.31
3 4 156.39 -156.55 72.81 173.77 -170.91 98.75 109.15 92.41 154.35 5.86 6.35 5.36
4 5 170.88 -135.05 -50.94 141.74 -153.56 99.81 120.52 97.03 145.04 5.99 6.83 7.15
5 6 51.15 -131.27 61.79 169.20 -165.41 89.22 102.62 95.77 148.69 5.44 6.01 4.39
6 7 156.99 -115.37 59.09 -174.25 -154.12 97.96 104.24 111.87 147.04 5.91 6.17 4.74
7 8 177.40 -172.62 67.54 164.94 -154.94 121.57 103.00 87.12 153.04 6.72 6.03 4.42
8 9 162.73 -143.68 71.45 -179.21 -167.24 104.39 103.23 94.81 149.67 6.14 6.11 4.83
9 10 169.30 -111.59 69.17 144.37 -150.74 98.38 101.33 91.31 146.70 5.88 6.02 4.57
