NNNNNNNN
1 2 161.53 11.68 -174.77 165.26 -159.20 95.34 97.96 79.56 152.45 5.81 5.81 9.61
2 3 -76.61 -121.21 67.15 149.40 -161.87 106.25 111.58 98.49 151.53 6.14 6.49 5.42
3 4 172.38 -141.18 54.36 -179.89 -172.10 84.30 109.27 99.76 150.04 5.20 6.30 5.03
4 5 154.98 -144.82 64.97 171.88 -164.74 94.55 104.02 95.89 150.84 5.74 6.16 4.61
5 6 164.21 -143.32 68.57 175.72 -168.18 98.06 102.50 91.32 151.92 5.92 6.11 4.46
6 7 166.91 -131.96 46.26 164.42 -144.08 100.18 107.79 109.41 143.06 6.02 6.32 4.74
7 8 167.56 -155.74 59.21 165.07 -158.50 117.62 103.63 90.19 149.95 6.54 6.00 4.33
NINNNNNNN
1 2 -153.64 -13.26 -107.36 156.76 -157.79 85.44 110.54 95.33 153.38 9.36 10.84 14.20
2 3 -13.29 -151.28 78.61 152.77 -156.21 90.21 104.39 93.89 152.96 5.53 6.18 5.11
3 4 178.19 -149.67 68.20 156.83 -157.65 89.42 107.91 90.37 150.78 5.44 6.20 4.91
4 5 162.74 -140.67 69.33 166.08 -165.06 101.49 103.13 93.92 151.71 6.04 6.16 4.55
5 6 166.21 -146.68 69.80 168.55 -163.84 98.70 103.01 93.74 151.68 5.92 6.10 4.63
6 7 166.08 -142.00 71.14 162.95 -159.00 96.06 100.67 93.99 151.97 5.79 6.00 4.46
7 8 167.11 -140.85 63.89 157.28 -144.78 92.26 103.45 92.60 143.47 5.62 6.11 4.27
NIINNNNNNN
1 2 -175.93 -43.47 -95.11 134.74 -147.37 42.53 157.63 94.69 146.11 7.42 13.53 15.07
2 3 -1.48 -148.33 72.73 150.18 -151.10 85.57 108.43 91.75 146.57 5.32 6.36 5.01
3 4 168.81 -144.77 74.84 162.06 -159.85 93.79 102.10 94.31 148.51 5.68 6.05 4.82
4 5 167.89 -160.87 76.28 158.74 -159.80 96.64 105.66 92.77 150.55 5.87 6.26 5.23
5 6 172.16 -145.66 70.55 168.96 -160.40 88.39 103.13 91.42 153.67 5.44 6.12 4.62
6 7 165.10 -141.86 71.59 165.15 -155.51 96.96 101.18 94.28 150.29 5.86 6.06 4.52
7 8 166.09 -146.79 69.17 165.54 -159.72 106.03 109.05 95.48 151.26 6.30 6.42 4.99
