NNNNNNNN
1 2 179.94 71.22 42.87 -127.54 148.43 113.98 76.51 84.23 122.09 6.45 4.80 7.11
2 3 153.62 -26.43 -80.62 -172.79 159.34 130.54 119.51 91.07 138.20 6.91 6.61 6.95
3 4 46.40 -138.82 29.51 125.81 -137.61 126.67 141.44 89.05 138.85 6.56 6.90 6.56
4 5 124.43 -139.03 77.32 150.12 -149.73 92.18 108.20 92.94 141.71 5.62 6.32 5.21
5 6 171.51 -139.79 73.56 157.48 -156.59 92.89 105.09 97.72 142.96 5.63 6.17 4.90
6 7 171.53 -158.71 118.85 174.14 159.43 90.63 120.32 95.43 138.24 5.53 6.60 7.93
7 8 -117.33 97.35 44.28 -84.98 140.61 111.57 76.26 83.14 132.20 5.90 4.46 5.95
NNINNNNNN
1 2 179.42 105.00 23.63 37.31 -169.15 124.63 76.56 103.55 95.97 6.66 4.64 6.55
2 3 -174.16 -86.98 -76.49 155.16 172.90 121.52 108.93 98.25 145.51 11.27 10.60 12.27
3 4 47.16 -175.65 68.53 123.07 -141.15 105.81 125.53 88.42 144.04 5.78 6.56 6.95
4 5 165.84 -127.54 68.84 150.48 -148.50 83.76 105.66 98.92 142.58 5.17 6.23 4.93
5 6 166.31 -138.98 72.96 173.81 -171.88 97.17 104.46 95.03 150.51 5.89 6.18 4.82
6 7 -175.16 157.48 128.04 -164.45 160.13 85.58 126.17 93.06 139.99 5.11 6.70 9.62
7 8 -98.87 92.98 41.60 -77.01 139.70 123.85 72.84 93.81 120.58 6.42 4.33 6.00
