NNNNNNINNNN
1 2 175.08 -137.45 66.09 172.67 -160.02 95.23 98.69 92.60 148.44 5.70 5.81 4.00
2 3 165.46 -123.87 63.23 169.76 -161.80 109.64 103.30 96.27 150.99 6.30 6.10 4.38
3 4 161.56 -115.25 -79.39 157.91 -162.73 93.97 123.61 92.62 145.55 5.69 6.82 7.50
4 5 23.73 -124.77 60.41 -172.71 179.04 95.80 106.10 92.17 151.56 5.67 6.15 4.49
5 6 165.27 -119.70 48.56 -136.54 167.14 88.77 109.28 103.47 109.22 5.36 6.22 4.76
6 7 -133.55 -137.47 -127.17 126.53 -147.85 123.98 92.39 84.49 137.36 11.62 9.93 13.73
7 8 -20.73 -123.10 57.48 160.50 -158.27 97.53 110.08 95.15 150.47 5.73 6.30 5.00
8 9 161.53 146.15 -129.83 139.25 -146.98 88.37 129.78 87.74 143.56 5.31 6.88 10.67
9 10 -32.43 -121.73 65.12 144.47 -152.63 96.33 104.55 91.02 144.90 5.79 6.16 4.37
