NNNNNN
1 2 160.70 -134.26 66.54 162.13 -154.28 90.28 105.49 95.46 145.93 5.50 6.17 4.53
2 3 161.59 -117.75 -82.65 159.66 -154.42 86.93 129.31 82.20 146.50 5.32 6.85 7.47
3 4 14.67 -121.63 69.05 174.43 -170.05 104.20 102.97 89.38 149.14 5.97 6.03 4.41
4 5 166.73 -136.50 68.21 178.40 -173.98 104.05 102.59 87.39 153.78 6.13 6.09 4.33
5 6 166.72 -94.92 65.27 -175.10 -148.85 95.97 96.90 100.71 143.75 5.76 5.61 4.50
NNNINNIN
1 2 172.26 -121.98 61.05 -177.91 -168.76 90.15 107.10 98.94 143.84 5.49 6.26 4.60
2 3 163.31 -91.57 -86.90 177.48 165.82 90.54 117.77 80.23 145.63 5.45 6.53 6.53
3 4 -33.22 -34.55 -2.40 -159.83 -162.04 129.51 90.44 132.91 152.88 9.76 7.73 4.49
4 5 139.65 167.14 64.94 -152.03 164.35 116.38 105.77 88.38 151.62 6.40 6.23 4.65
5 6 143.93 -103.61 67.22 141.95 -156.33 99.98 72.09 96.29 140.25 8.26 6.54 4.11
NNNNNIN
1 2 168.37 -132.89 71.73 -173.31 -170.55 84.33 99.56 90.31 146.35 5.23 5.94 4.16
2 3 170.33 -102.72 -91.02 153.86 -145.72 91.68 120.67 93.39 145.57 5.45 6.60 7.50
3 4 10.38 -124.07 70.45 -175.74 -168.51 101.05 101.39 91.63 151.02 5.85 5.86 4.46
4 5 168.12 -147.45 72.92 -158.18 173.21 108.26 104.16 91.01 151.52 6.31 6.15 4.81
5 6 146.65 -92.17 63.04 127.09 -151.86 108.76 67.70 105.09 149.74 9.22 6.74 4.06
