NNNNNNNINNNINNN
1 2 169.16 -119.14 57.05 168.29 -151.89 94.51 108.29 100.98 140.91 5.75 6.26 4.50
2 3 165.33 -172.00 79.88 178.91 179.55 123.61 107.09 102.39 143.91 6.71 6.23 6.00
3 4 -177.90 -128.16 64.30 -163.03 179.50 90.32 97.11 99.60 144.16 5.49 5.81 4.27
4 5 178.09 -119.00 57.39 -149.66 165.07 96.73 107.21 96.94 139.39 5.65 6.04 5.11
5 6 -179.61 -70.67 54.87 -154.64 163.79 108.43 131.11 82.03 156.35 6.12 6.79 7.78
6 7 149.44 -25.45 -62.10 -163.15 174.01 93.87 111.38 93.72 142.58 5.66 6.38 4.88
7 8 43.00 124.74 -9.57 -122.19 160.96 121.13 153.47 100.08 124.02 11.75 12.66 14.64
8 9 144.74 -82.81 14.22 169.53 -167.51 134.79 110.98 95.98 152.04 6.63 6.19 6.68
9 10 109.18 33.88 -121.60 168.76 -177.40 89.44 97.78 87.28 148.94 5.49 5.89 8.62
10 11 126.44 99.83 87.58 152.14 -142.08 101.29 64.33 123.93 132.33 6.58 4.56 5.03
11 12 -150.03 88.85 122.70 162.42 -156.66 106.31 112.69 94.55 149.98 6.05 6.29 9.63
12 13 -140.61 -120.81 64.87 157.14 -142.57 91.43 98.99 89.23 145.53 5.58 5.93 3.95
