NNNNNNNNNNN
1 2 174.42 -136.56 69.76 169.97 -164.40 104.24 102.94 89.40 149.79 6.15 6.08 4.31
2 3 165.76 -173.29 38.90 -157.69 -158.28 103.66 120.71 133.47 145.74 6.16 6.52 8.15
3 4 177.13 163.61 63.81 171.22 -158.88 116.71 105.07 93.31 147.39 6.22 6.06 4.48
4 5 165.11 -22.15 -70.44 179.80 165.04 99.11 99.17 87.15 140.53 5.87 5.76 4.70
5 6 56.73 170.10 14.26 135.27 -151.86 135.70 125.99 90.67 146.88 6.72 6.55 6.71
6 7 116.42 -140.59 67.06 168.13 -159.06 92.51 101.44 96.84 148.09 5.55 5.97 4.71
7 8 170.91 -116.87 63.84 169.50 -151.85 95.84 98.65 94.00 146.70 5.61 5.75 4.23
8 9 168.04 -138.97 60.18 157.68 -144.38 114.96 106.26 91.28 148.39 6.47 6.11 4.35
9 10 154.70 -141.72 74.39 154.80 -148.66 104.52 104.49 93.71 145.44 6.08 6.13 4.74
10 11 171.91 -125.75 66.26 138.22 -137.29 97.32 102.43 89.37 137.50 5.84 6.02 4.16
