NNNNNN
1 2 171.94 -147.51 78.26 151.66 -151.57 95.33 103.23 93.82 144.09 5.82 6.14 4.88
2 3 178.53 -119.02 73.53 -164.87 161.93 91.54 98.74 77.12 139.57 5.50 5.72 4.28
3 4 -166.01 147.38 -161.67 143.06 177.78 154.76 96.26 85.71 134.40 6.83 5.10 10.12
4 5 -42.03 175.71 29.74 -75.50 159.63 129.92 74.05 114.38 114.67 6.29 4.32 4.01
5 6 -177.14 30.46 40.08 176.99 -137.49 132.37 75.29 112.09 142.64 6.97 4.63 7.99
NNNINNN
1 2 164.98 -138.80 66.36 151.52 -147.30 90.90 105.56 95.28 145.13 5.54 6.18 4.50
2 3 160.22 -152.64 80.70 167.05 -156.25 92.02 102.77 86.98 148.79 5.56 6.04 4.78
3 4 155.49 -152.00 -113.04 -129.97 151.72 156.54 70.24 76.11 139.46 11.10 7.10 10.07
4 5 38.88 107.45 43.19 158.55 164.72 157.34 113.85 90.95 143.21 7.06 5.91 6.88
5 6 165.77 -13.05 69.15 146.92 -149.47 113.49 105.03 92.60 146.34 5.95 5.82 9.11
