NNNNNNNNNNNNNNINNNN
1 2 -96.48 171.92 72.53 164.55 -161.43 100.03 106.98 90.27 155.36 5.96 6.31 4.92
2 3 177.38 -128.17 65.65 -113.76 151.70 88.58 116.94 85.28 145.07 5.33 6.44 5.19
3 4 -119.48 147.29 33.74 -141.05 168.68 156.79 146.29 99.73 137.08 6.75 6.39 6.98
4 5 -112.62 102.90 97.83 169.40 168.29 136.66 84.81 90.43 142.03 6.22 4.68 5.15
5 6 -170.77 -149.26 45.84 152.30 -123.59 114.25 121.94 110.76 139.10 6.55 6.57 5.79
6 7 170.86 -132.75 59.70 -126.98 158.46 126.39 92.81 130.91 150.87 6.51 5.51 4.96
7 8 164.50 -120.52 -96.35 -99.76 144.57 85.79 122.51 86.29 145.69 5.13 6.61 7.23
8 9 -1.16 -123.01 69.05 -155.46 -168.35 101.00 99.99 91.37 156.71 5.97 5.92 4.14
9 10 167.81 -132.79 69.99 136.07 -143.87 106.92 102.16 90.24 139.86 6.12 5.91 4.30
10 11 161.81 -84.02 79.66 145.64 -150.10 97.12 103.15 79.22 150.39 5.84 6.10 5.50
11 12 -150.98 172.19 54.71 153.34 173.03 130.69 100.13 100.48 140.54 6.26 5.23 5.64
12 13 152.62 -127.74 59.75 123.68 -153.41 101.56 106.22 105.36 148.44 6.01 6.33 4.70
13 14 156.57 167.97 67.14 -14.35 -175.02 88.43 107.16 136.99 92.13 5.49 6.32 8.38
14 15 -97.12 82.32 58.58 -135.79 154.36 73.97 59.70 85.55 138.89 5.85 4.93 5.53
15 16 177.83 158.24 78.33 150.70 173.11 145.17 113.26 95.68 151.57 7.34 6.35 7.23
16 17 -178.81 -119.56 57.51 -148.45 147.57 100.29 99.91 100.69 133.33 5.97 6.02 4.32
17 18 155.37 -140.29 64.87 -179.44 176.91 107.43 101.25 102.86 146.75 6.32 6.06 4.32
