NINNNNNINNNNNINNNN
1 2 145.07 69.60 154.86 -174.78 -147.84 124.12 148.39 122.09 152.47 11.15 11.84 14.67
2 3 -76.38 -178.11 63.26 152.87 -150.82 122.66 105.49 89.08 152.11 6.58 6.18 4.39
3 4 156.78 -132.81 71.30 -176.59 -168.50 95.46 106.44 91.65 150.00 5.81 6.28 4.68
4 5 165.94 -145.19 72.20 144.63 -153.42 111.34 99.83 92.11 151.90 6.51 6.06 4.45
5 6 170.63 -137.24 51.89 153.68 -139.96 92.98 119.75 90.07 145.41 5.67 6.71 4.96
6 7 -80.23 85.73 58.95 157.15 -138.66 88.50 75.61 126.85 144.67 8.28 7.47 7.74
7 8 176.09 -171.05 70.07 -167.44 -178.87 109.09 106.10 94.64 154.62 6.32 6.20 4.87
8 9 160.65 -144.74 -49.96 162.32 -158.44 93.10 120.17 88.09 154.34 5.73 6.85 6.89
9 10 49.42 -132.20 62.87 151.94 -155.26 97.93 101.28 94.45 146.93 5.87 5.99 4.27
10 11 157.87 -157.81 67.28 140.53 -141.55 101.81 123.84 87.87 144.16 6.10 6.94 5.71
11 12 156.95 -130.41 178.84 82.64 -149.72 133.53 154.45 96.80 97.46 10.24 10.82 13.26
12 13 -30.40 161.93 -143.21 -169.56 -160.16 123.98 115.59 131.69 148.13 6.04 5.39 10.55
13 14 69.85 36.92 -126.79 179.05 -146.62 114.56 78.72 86.66 149.64 5.58 4.36 9.36
14 15 81.72 -78.63 66.32 142.07 -141.74 141.75 98.48 85.64 142.44 6.31 5.19 8.48
