NNINNNNNNNN
1 2 165.90 -146.63 81.33 -141.64 155.04 89.22 116.40 135.52 134.22 5.44 6.61 7.91
2 3 -157.00 -19.15 -115.78 134.53 -145.82 87.69 121.38 89.42 142.87 9.58 11.44 14.23
3 4 -12.61 -128.77 62.56 154.44 -148.99 91.19 106.05 92.49 141.05 5.45 6.04 4.53
4 5 159.25 -135.49 74.93 157.52 -159.38 102.92 105.93 103.58 144.50 6.04 6.21 5.30
5 6 173.93 -160.33 66.34 172.06 -160.72 91.59 103.81 91.92 152.39 5.57 6.07 4.62
6 7 160.21 -140.97 73.80 159.29 -153.34 97.58 101.54 97.34 148.99 5.83 6.04 4.67
7 8 167.96 -147.88 75.10 154.44 -153.93 101.71 103.60 90.40 150.51 6.07 6.16 4.60
8 9 173.68 -125.96 63.90 172.26 -163.21 98.54 102.76 95.20 149.33 5.87 6.05 4.33
9 10 160.07 -168.45 67.94 177.56 -158.19 95.25 101.19 93.68 145.46 5.76 5.95 4.94
