NINNNNNNNNNNNNNN
1 2 129.43 -113.07 84.80 147.28 -176.28 106.64 45.29 90.27 141.80 10.16 6.21 4.18
2 3 -144.38 -175.15 42.86 146.80 -153.49 125.16 150.69 86.26 147.22 6.52 7.15 7.77
3 4 142.28 -109.58 34.26 -174.18 -160.90 102.63 118.27 107.64 144.41 6.12 6.77 5.24
4 5 154.38 -166.34 57.83 179.40 -165.44 124.70 107.36 100.25 149.00 6.95 6.31 4.97
5 6 159.35 -138.24 71.32 149.86 -146.19 101.31 104.52 88.81 144.48 6.06 6.21 4.69
6 7 171.96 -133.01 62.93 -172.96 -177.45 103.42 114.36 105.38 149.18 6.13 6.57 5.79
7 8 164.16 -113.07 -87.15 161.69 -160.88 89.24 120.71 85.99 149.07 5.52 6.80 7.37
8 9 19.29 -110.65 39.40 -176.53 -164.55 104.46 118.47 90.93 150.64 6.10 6.63 4.81
9 10 140.70 -106.73 35.47 -164.61 -157.75 114.50 104.02 127.93 151.02 6.58 6.18 5.03
10 11 158.78 -156.73 70.01 157.69 -152.54 109.77 99.43 85.90 146.34 6.35 5.91 4.51
11 12 174.06 -100.07 50.02 167.91 -163.40 116.71 102.33 95.31 144.50 6.64 6.10 4.33
12 13 153.60 -133.49 53.02 174.91 -166.84 106.96 113.01 103.35 148.35 6.31 6.56 5.21
13 14 155.14 -148.15 63.82 169.20 -154.78 98.38 105.65 93.00 150.10 5.96 6.24 4.59
14 15 161.67 -159.40 78.48 147.24 -151.23 110.79 102.53 89.29 147.75 6.46 6.10 5.08
