NNNININNNNNN
1 2 164.81 -128.61 60.90 149.35 -153.40 111.06 101.50 89.61 144.39 6.19 5.79 4.14
2 3 159.56 -145.53 64.90 142.65 -147.23 95.04 110.37 91.61 144.99 5.66 6.36 5.00
3 4 -175.94 171.79 49.85 -147.45 150.12 147.55 74.32 116.79 120.39 12.98 9.24 7.82
4 5 124.40 147.46 22.79 -135.05 151.18 90.10 149.95 93.79 119.61 9.21 11.94 11.02
5 6 151.83 -75.61 -71.09 -146.31 161.84 126.79 119.88 84.80 141.47 6.48 6.19 5.99
6 7 60.49 -44.57 45.59 165.11 168.40 148.93 111.76 87.96 145.17 7.16 6.21 8.04
7 8 171.07 124.32 52.28 -131.02 156.56 128.64 74.54 91.99 144.42 6.55 4.41 5.39
8 9 152.45 -153.56 71.51 -134.59 150.00 95.17 113.83 81.64 134.18 5.71 6.52 5.20
9 10 -173.05 -109.64 81.93 119.11 -141.95 131.80 124.38 84.76 143.69 6.93 6.52 7.20
