NNNNNNNNNNNNIN
1 2 168.73 -153.96 97.09 -168.71 158.59 124.06 125.92 102.52 130.62 6.57 6.63 8.76
2 3 -135.84 -131.65 82.41 150.98 -173.79 110.99 129.27 83.61 142.16 5.81 6.46 7.32
3 4 -173.23 -43.56 -87.92 163.20 -152.07 123.88 122.26 91.82 144.17 6.82 6.76 6.95
4 5 5.04 -150.17 78.28 150.57 -155.17 107.67 106.16 97.37 149.66 6.27 6.28 5.31
5 6 169.83 -141.86 70.67 152.91 -151.58 86.98 102.59 99.08 143.85 5.42 6.14 4.61
6 7 164.26 -151.50 78.95 152.07 -156.01 95.66 100.85 98.83 152.42 5.84 6.01 4.92
7 8 168.04 -145.81 65.57 156.72 -138.13 89.98 107.74 96.25 139.10 5.53 6.31 4.53
8 9 176.81 -125.00 48.28 161.83 -141.98 109.97 102.84 127.66 154.32 6.01 5.68 5.16
9 10 167.81 177.10 57.46 145.36 -140.61 114.07 113.55 94.15 140.20 6.49 6.54 4.93
10 11 163.68 -135.93 70.34 167.08 -163.49 104.89 102.30 92.38 152.24 5.90 5.80 4.62
11 12 173.44 -129.61 74.32 -164.61 151.36 87.35 108.58 103.28 148.61 5.25 6.18 5.68
12 13 -74.74 64.50 58.07 145.20 -151.92 123.99 49.51 92.78 145.26 8.55 4.37 3.91
