NNININ
1 2 157.44 -152.37 85.14 152.28 -153.00 94.64 99.71 88.83 145.17 5.76 5.99 4.84
2 3 143.86 -82.33 45.39 151.67 165.96 125.25 77.92 83.95 143.57 11.59 8.89 4.75
3 4 -137.37 111.65 54.48 173.81 -145.98 136.87 55.23 126.92 145.76 10.97 6.53 6.79
NNINIIN
1 2 170.00 -146.56 69.21 -173.27 -178.77 92.35 103.72 96.96 150.35 5.56 6.07 4.90
2 3 131.13 -115.68 32.11 82.16 -135.65 102.14 77.15 74.34 121.57 10.48 8.89 4.08
3 4 52.68 -104.01 46.90 137.33 -147.86 172.45 61.59 91.98 150.14 15.41 10.45 8.69
NNNN
1 2 166.45 -123.64 59.38 149.70 -150.11 111.66 99.56 86.94 148.20 6.31 5.85 3.76
2 3 150.37 -122.07 67.84 175.46 -175.55 110.60 101.45 112.03 151.60 6.45 6.09 4.82
3 4 -135.42 87.18 51.43 -97.14 151.86 134.97 93.53 88.38 137.35 7.04 5.46 6.04
