NNNNNNNNNN
1 2 157.53 -134.59 66.18 166.22 -150.61 94.09 108.04 84.45 148.21 5.57 6.13 4.58
2 3 153.76 178.96 101.39 -167.88 175.61 115.75 111.49 94.21 154.18 6.62 6.48 7.28
3 4 -167.03 167.27 70.97 -148.73 164.82 86.48 115.50 98.38 145.66 5.35 6.65 7.01
4 5 167.82 -0.98 -145.16 -174.91 -148.68 87.32 115.31 88.45 146.39 5.39 6.31 8.72
5 6 -45.68 -127.31 69.12 156.67 -163.05 135.38 103.47 97.68 149.35 6.89 6.12 4.74
6 7 174.72 -100.55 60.42 -167.72 -171.00 82.09 98.62 87.16 154.73 4.99 5.74 4.46
7 8 156.26 -157.76 57.44 -178.30 -166.00 96.34 119.81 87.93 152.96 5.75 6.68 5.46
8 9 152.79 -136.69 107.26 157.44 -153.81 95.69 99.65 81.68 143.59 5.74 5.78 5.80
9 10 -146.97 -107.20 63.63 139.83 -146.74 101.66 99.87 86.81 138.23 5.71 5.70 4.26
