NNINNNNN
1 2 132.48 -60.32 -43.27 -3.17 154.22 109.11 115.73 111.09 122.58 6.53 6.32 4.93
2 3 79.20 152.36 3.43 155.50 -161.68 137.53 118.57 105.77 147.13 12.55 12.19 11.32
3 4 102.81 -118.97 51.12 -167.48 -168.49 93.14 109.05 104.13 144.17 5.67 6.23 4.64
4 5 153.94 -149.06 68.54 -170.18 -170.44 110.49 105.37 95.56 153.83 6.20 6.18 4.58
5 6 173.95 -122.54 47.27 -168.71 -157.02 88.53 97.51 129.62 154.01 5.40 5.42 4.68
6 7 -174.83 -179.33 48.76 -168.40 -172.66 115.70 119.35 84.98 150.07 6.23 6.47 4.56
NNINNNNIN
1 2 -179.57 -131.62 63.49 7.38 -169.14 96.69 102.03 118.89 101.03 5.77 6.00 5.36
2 3 160.27 -54.12 -98.86 137.07 -151.75 115.68 103.23 88.99 147.68 11.82 11.11 10.74
3 4 1.46 -132.77 69.43 -179.93 -174.28 94.84 102.62 88.67 149.06 5.68 6.06 4.51
4 5 167.60 -146.36 68.09 -172.89 -175.18 105.79 102.24 88.89 152.09 6.23 6.08 4.52
5 6 161.08 -148.15 71.07 178.94 -166.54 104.92 100.68 93.49 153.45 6.26 6.08 4.61
6 7 131.49 -89.29 40.48 101.53 -138.30 112.47 87.86 86.52 144.27 10.75 9.31 4.73
