NNNNNNNNNNINNNNNN
1 2 167.66 -131.88 68.60 148.58 -152.40 106.49 104.65 93.69 139.16 5.91 5.86 4.59
2 3 170.09 -142.27 67.89 161.06 -164.86 98.73 103.01 91.96 156.35 5.78 6.00 4.57
3 4 163.01 -144.24 66.64 153.96 -150.36 96.41 105.84 94.75 149.30 5.80 6.24 4.72
4 5 171.91 -148.07 57.44 -179.16 -149.76 87.24 107.71 90.98 141.12 5.17 5.78 4.40
5 6 169.72 -145.52 58.60 160.89 -156.28 136.66 108.02 93.75 156.65 6.81 6.20 4.71
6 7 149.29 -152.47 86.97 179.51 170.69 98.80 108.29 87.72 143.53 5.96 6.31 5.32
7 8 -154.48 129.91 -154.48 -168.14 167.22 138.05 90.94 85.41 140.53 6.56 4.94 10.15
8 9 -37.35 125.71 33.37 -57.64 128.62 143.63 84.27 94.01 134.26 7.02 5.05 6.11
9 10 154.96 30.95 55.24 -124.19 148.14 113.65 80.55 90.48 120.18 6.06 4.70 7.66
10 11 122.37 -129.91 47.83 151.80 -147.30 151.38 85.40 89.63 136.24 10.98 7.99 4.52
11 12 157.26 -138.94 65.07 -175.81 -179.96 111.89 106.12 88.53 155.21 5.99 5.94 4.71
12 13 162.00 -148.59 72.08 -176.70 -174.59 93.83 99.42 85.79 154.49 5.62 5.88 4.38
13 14 164.44 -140.78 61.96 164.33 -144.97 101.92 108.00 88.40 147.04 6.05 6.22 4.30
14 15 172.09 -122.98 58.15 168.98 -155.74 128.11 97.36 84.55 145.63 6.73 5.68 3.84
15 16 -166.04 139.67 0.75 -117.91 -177.97 115.56 117.51 146.18 138.97 5.83 5.43 10.11
