NNNN
1 2 172.42 -164.24 -46.30 -148.19 -178.94 104.35 117.13 98.04 152.49 6.09 6.54 8.33
2 3 67.41 9.58 -16.33 -3.18 162.01 126.80 129.15 124.20 103.60 7.00 6.66 10.05
3 4 176.81 58.93 59.51 -78.44 138.78 131.53 94.87 84.73 128.81 6.70 5.72 5.96
NNNIN
1 2 175.68 -149.05 -43.42 -90.13 162.43 91.19 120.78 97.13 108.48 5.57 6.82 7.40
2 3 81.67 -56.90 74.26 -39.31 -173.68 121.20 122.60 99.18 99.12 6.54 6.52 9.55
3 4 -156.96 98.93 18.85 166.64 -137.76 146.20 58.53 94.31 148.22 12.26 7.61 6.80
NINNIN
1 2 143.39 -135.23 -62.21 170.79 -169.32 89.51 98.12 80.00 142.35 9.99 10.34 8.46
2 3 22.40 63.32 -45.10 -11.61 157.48 166.65 91.99 108.19 97.16 7.41 5.30 7.86
3 4 -156.62 4.73 29.21 138.28 -142.67 118.70 62.75 84.96 141.46 10.44 7.41 5.90
