NNNNNNNNNN
1 2 150.71 -111.37 69.99 -164.69 -159.39 125.30 92.20 127.69 143.39 6.93 5.51 5.30
2 3 -145.38 -178.30 20.50 138.76 -133.97 111.68 116.54 123.81 141.40 6.20 6.52 6.36
3 4 129.66 -86.74 40.34 -123.71 179.33 99.81 91.68 138.31 143.55 5.93 5.38 6.06
4 5 -152.97 100.43 -22.38 158.33 -175.77 110.90 141.03 108.35 145.23 6.20 7.28 10.08
5 6 89.02 -108.08 133.28 16.63 -171.95 83.50 119.47 98.72 96.58 5.11 6.67 9.86
6 7 -78.35 145.40 49.51 -52.29 154.48 141.76 106.34 115.69 106.56 7.19 6.02 6.56
7 8 -146.51 107.26 -5.20 -149.17 -172.66 140.49 95.99 102.78 148.74 7.28 5.72 6.35
8 9 119.21 -148.73 75.73 175.19 -173.42 130.03 100.13 90.87 147.27 6.95 5.97 5.18
9 10 -165.80 -127.71 29.90 -159.76 167.53 130.63 122.75 101.81 138.95 7.08 6.88 5.69
