NNNNNNINNINNNNN
1 2 156.28 -141.76 72.39 161.45 -157.67 108.59 102.43 90.31 152.09 6.30 6.09 4.45
2 3 167.76 -155.12 73.47 166.88 -162.90 98.65 107.34 97.45 146.71 5.90 6.21 5.39
3 4 173.20 -147.68 71.99 -163.61 176.89 94.98 98.23 94.36 151.81 5.64 5.80 4.44
4 5 171.65 -144.22 84.81 156.92 170.42 90.41 122.42 90.34 144.29 5.47 6.80 6.47
5 6 -150.80 114.63 44.72 -91.82 142.46 122.24 72.91 89.23 134.08 6.34 4.32 5.45
6 7 138.16 -120.11 123.55 174.39 -168.17 134.10 92.76 89.36 152.99 12.47 10.36 11.76
7 8 -137.36 -150.14 74.23 -0.55 -169.66 108.86 105.96 95.43 99.68 6.28 6.23 5.34
8 9 -125.15 164.95 -161.62 111.57 -123.15 103.07 126.97 101.56 140.28 9.69 10.78 16.39
9 10 -50.64 -117.53 54.71 153.92 -156.75 91.05 105.78 90.56 150.71 5.29 5.97 4.61
10 11 153.65 -141.55 78.47 -159.96 159.04 92.57 98.56 86.83 140.51 5.64 5.86 4.63
11 12 -173.65 -128.64 -176.69 157.94 -160.36 130.21 126.17 91.43 149.85 6.91 6.81 10.17
12 13 -76.84 -134.98 62.99 161.22 -153.69 94.58 101.06 94.37 150.78 5.68 5.96 4.23
