NNNIIIIIINN
1 2 164.93 -160.09 52.18 158.48 -137.09 124.45 113.83 113.43 138.42 6.88 6.52 5.33
2 3 169.47 -153.13 72.90 157.74 -156.06 112.26 101.88 81.94 141.31 6.22 5.70 4.45
3 4 68.37 -77.08 87.56 171.27 -153.37 146.10 25.66 97.04 147.84 15.98 9.36 7.43
4 5 -153.59 159.90 57.44 173.75 -151.77 106.76 119.80 87.95 136.49 5.94 6.12 6.51
NNNIIIINN
1 2 159.80 -159.26 76.69 165.17 -169.01 107.59 103.45 107.24 143.47 6.35 6.18 5.56
2 3 175.92 -142.83 70.48 -171.58 -179.43 97.97 99.90 92.05 151.11 5.93 5.98 4.28
3 4 -8.12 57.47 17.48 132.44 -144.66 157.27 52.58 113.79 123.10 18.23 12.94 9.13
4 5 -122.87 99.79 108.39 167.07 -142.33 143.07 107.87 120.74 143.82 6.66 6.22 7.20
