NNNINNNNNNNNNNN
1 2 171.34 -122.18 65.43 174.73 -166.00 97.28 103.90 91.14 148.85 5.85 6.12 4.27
2 3 159.45 163.68 54.94 -178.34 -144.63 95.78 101.73 112.64 138.91 5.78 5.74 6.81
3 4 -148.88 72.94 -127.61 134.55 -145.54 135.84 107.11 82.92 137.27 12.37 11.30 15.27
4 5 -34.44 -131.12 76.39 142.28 -156.12 103.90 112.22 90.43 147.49 6.03 6.44 5.23
5 6 174.62 -148.66 70.48 150.13 -149.62 81.59 104.28 89.27 148.72 5.01 6.08 4.78
6 7 166.49 -139.79 69.80 164.23 -168.82 97.04 104.84 97.45 148.20 5.78 6.15 4.85
7 8 163.65 -151.75 74.82 163.59 -157.83 88.17 95.93 96.26 144.27 5.43 5.80 4.44
8 9 167.35 -151.48 80.27 157.53 -161.69 99.22 101.40 99.45 145.54 5.96 6.05 5.04
9 10 173.40 -133.70 63.46 174.60 -161.20 95.75 106.50 112.15 138.83 5.81 6.24 4.96
10 11 -167.92 -134.08 58.39 -142.42 156.60 112.86 97.11 77.53 125.87 6.19 5.58 4.37
11 12 140.29 147.50 72.18 127.73 -145.08 138.74 91.01 85.63 142.91 7.27 5.49 6.95
12 13 175.16 -127.76 68.02 165.99 -171.93 96.18 113.55 95.13 149.27 5.64 6.44 5.52
13 14 168.05 -123.30 62.09 161.35 -154.84 91.38 100.23 91.21 151.50 5.54 5.95 4.05
