NNNNNNNIINNNNN
1 2 146.82 -150.32 81.91 139.42 -145.52 93.18 98.79 94.76 147.10 5.64 5.94 4.84
2 3 177.73 -115.70 34.22 179.61 -146.99 94.87 119.06 112.75 153.96 5.77 6.72 5.25
3 4 152.65 -165.02 64.78 173.20 -141.08 112.27 97.16 107.50 134.74 6.28 5.33 4.41
4 5 -158.20 -158.48 57.01 179.78 169.97 136.47 107.53 83.97 156.75 6.69 6.07 4.37
5 6 178.28 174.97 -5.74 110.01 -141.18 72.84 176.78 155.08 136.88 4.27 7.01 12.17
6 7 81.73 -139.58 67.25 -173.59 -176.45 78.40 79.81 80.80 157.02 4.74 4.97 4.72
7 8 118.14 -8.38 -26.93 -146.67 -168.82 79.43 125.97 99.82 154.26 12.41 15.15 11.75
8 9 78.29 -107.27 176.35 -143.96 156.58 136.04 92.93 140.68 149.02 7.29 5.70 7.34
9 10 -87.04 159.59 16.72 -143.95 -159.69 87.99 112.71 112.68 152.93 5.44 6.22 5.56
10 11 151.22 157.83 85.10 163.54 -162.82 143.92 103.67 91.66 152.04 7.15 6.21 5.50
11 12 -178.77 -126.43 66.97 143.06 -153.20 94.08 106.39 99.50 144.92 5.76 6.28 4.84
