NNNNNN
1 2 159.38 -13.99 -170.13 146.87 -145.72 97.62 96.17 83.92 140.39 5.87 5.73 8.63
2 3 -72.57 -132.23 71.42 157.90 -159.47 102.41 105.95 89.00 153.55 5.95 6.13 4.71
3 4 165.67 -139.25 73.08 146.83 -156.95 89.62 109.78 96.75 147.80 5.40 6.33 5.16
4 5 172.10 -122.92 58.33 159.29 -150.05 88.54 105.58 90.93 152.30 5.34 6.08 4.08
5 6 152.87 -130.41 74.49 162.28 -159.82 100.87 102.14 85.42 149.97 5.94 6.00 4.27
NNNNNIN
1 2 166.89 -12.10 -162.04 126.54 -141.23 98.79 104.45 79.79 137.48 5.94 6.05 8.72
2 3 -64.06 -128.06 73.91 159.52 -163.78 104.05 114.18 88.97 157.38 6.05 6.56 5.53
3 4 172.68 -131.62 63.71 166.22 -161.99 93.41 104.45 96.85 150.38 5.67 6.16 4.61
4 5 172.05 -127.83 70.48 -136.38 147.66 93.45 107.12 73.45 146.14 5.53 6.09 4.78
5 6 132.79 -124.13 55.73 132.77 -148.46 115.59 76.92 95.90 141.50 10.45 8.21 4.89
