NNNINNNNNNNN
1 2 169.33 -120.68 69.00 171.00 -162.41 87.18 96.45 89.14 149.13 5.36 5.80 4.04
2 3 171.78 58.65 105.61 163.52 -165.13 97.28 74.02 136.75 149.52 5.75 4.61 10.41
3 4 -176.15 96.06 -123.33 123.43 -144.38 89.36 113.24 85.66 141.76 9.73 10.98 13.51
4 5 -29.31 -140.91 83.58 152.55 -159.32 88.25 106.38 94.71 151.68 5.34 6.27 5.48
5 6 179.82 -152.94 69.29 153.64 -156.21 91.49 106.29 91.98 148.34 5.59 6.26 4.91
6 7 165.27 -147.53 73.62 159.85 -158.26 97.85 106.07 92.28 152.62 5.90 6.26 5.01
7 8 167.65 -144.49 74.84 153.21 -156.72 95.27 101.62 92.08 147.43 5.79 6.07 4.63
8 9 168.48 -136.85 57.94 179.67 -151.40 100.72 110.68 110.98 149.10 6.05 6.46 5.30
9 10 177.56 -158.97 60.77 152.54 -154.50 115.19 110.53 88.33 147.21 6.41 6.22 4.73
10 11 157.70 -112.50 51.30 163.84 -143.29 102.28 106.77 96.72 137.11 6.05 6.15 4.05
