NNNNNNINNNN
1 2 175.88 -145.62 62.65 -172.07 -160.00 82.51 107.90 95.71 150.20 5.05 6.10 4.79
2 3 159.31 -152.42 74.47 120.48 -138.46 112.03 110.07 98.69 150.18 6.40 6.42 5.44
3 4 176.39 -94.56 40.82 -158.07 156.77 103.68 126.00 85.41 136.97 6.09 6.88 5.24
4 5 126.44 -96.29 74.25 -85.95 142.49 131.07 103.42 94.28 137.50 7.18 6.11 4.75
5 6 -61.35 104.03 33.79 162.09 168.03 149.89 113.29 135.55 141.62 6.92 6.02 6.30
6 7 -178.50 81.57 -37.69 -117.57 -158.68 100.16 55.09 130.15 134.76 11.20 8.47 9.35
7 8 140.89 158.36 57.62 139.25 -142.03 128.77 105.57 91.66 136.48 6.18 6.08 4.18
8 9 165.07 -121.10 35.65 146.61 -128.91 106.38 119.15 94.36 137.01 6.08 6.51 4.81
9 10 146.88 -141.22 63.41 154.09 -154.89 115.05 115.92 85.21 150.31 6.24 6.28 5.04
