NNNNNINNNNNN
1 2 173.54 -137.85 70.20 156.83 -158.70 105.47 105.46 89.67 146.11 6.23 6.23 4.35
2 3 168.30 -133.05 67.99 161.30 -157.29 95.68 100.60 94.49 150.22 5.78 5.99 4.39
3 4 165.89 -147.96 98.06 177.19 164.86 97.53 133.63 91.07 143.34 5.85 6.95 7.29
4 5 -124.22 106.38 25.45 -84.22 140.32 108.37 77.29 96.72 145.96 5.42 4.10 5.47
5 6 145.68 -148.89 116.91 -171.67 -174.75 139.97 90.98 83.02 151.43 11.58 9.45 11.06
6 7 -150.00 -134.65 70.87 -172.63 179.11 107.02 109.08 88.92 155.19 6.10 6.35 4.81
7 8 173.63 35.88 -57.32 174.08 -165.75 85.76 102.19 147.27 143.86 5.20 5.94 10.06
8 9 62.95 -176.92 46.31 154.19 -143.33 103.09 112.88 98.42 144.35 6.12 6.53 4.31
9 10 164.86 -126.15 57.85 175.91 176.52 107.08 114.05 86.53 145.96 5.87 6.06 5.09
10 11 -157.51 151.96 115.03 145.26 -154.99 126.36 103.43 94.51 144.81 6.06 5.38 8.43
