NNNNNNNNNNN
1 2 170.31 -140.93 42.15 151.70 -132.77 87.48 106.83 111.12 138.38 5.31 6.04 4.85
2 3 165.24 -174.62 78.02 102.01 -135.25 130.37 127.81 131.34 141.68 7.03 7.05 8.36
3 4 150.78 -169.36 68.41 -168.07 -173.64 76.03 108.30 127.28 156.29 4.76 6.32 5.67
4 5 178.43 -88.99 68.24 160.14 -140.95 91.80 83.06 90.59 144.13 5.54 4.96 6.08
5 6 179.66 -84.06 13.38 149.86 -135.39 147.61 105.69 101.27 132.62 7.40 6.17 4.08
6 7 127.66 96.56 -67.15 134.28 -138.44 136.20 104.54 85.87 144.26 7.14 6.22 9.18
7 8 33.99 -134.02 62.51 127.06 -140.44 97.30 112.21 90.76 140.65 5.88 6.52 5.11
8 9 163.76 -129.65 89.13 110.23 -133.70 97.65 102.52 74.43 134.59 5.91 6.10 5.28
9 10 -160.24 -89.08 28.31 169.90 -158.21 114.85 131.74 87.05 149.65 6.45 6.82 5.64
10 11 121.12 -133.60 80.08 128.53 -145.83 96.81 111.52 94.38 148.64 5.73 6.50 5.45
