NNIINNNN
1 2 -179.66 -135.52 62.25 -156.23 175.46 90.73 100.28 95.61 147.14 5.48 5.86 4.30
2 3 78.33 -151.16 15.91 -157.42 147.28 86.46 110.98 88.46 130.83 11.47 12.92 7.00
3 4 142.27 -92.70 -132.88 113.56 -141.76 123.15 131.09 88.43 138.19 6.33 6.60 9.59
4 5 -23.27 -124.36 63.92 -169.12 162.77 88.71 111.56 90.27 146.98 5.31 6.31 5.28
5 6 -166.09 -50.17 39.19 141.47 -153.94 123.20 121.99 95.72 150.21 6.49 6.47 8.17
NNIIINNNN
1 2 174.50 -141.22 75.21 159.24 -154.77 97.00 102.81 90.75 148.31 5.74 6.01 4.58
2 3 81.02 -171.13 4.35 -159.82 156.07 68.98 97.66 97.78 127.29 11.48 13.33 7.10
3 4 128.14 -86.15 -138.73 123.06 -147.64 115.22 127.23 86.18 143.02 6.03 6.46 9.21
4 5 -35.95 -120.82 57.44 153.79 -155.09 91.10 113.89 95.81 149.79 5.51 6.47 5.12
5 6 154.64 64.09 -54.61 162.07 -155.95 106.93 128.70 88.43 152.38 6.26 7.00 9.12
