NNNNNNIINNNNNNN
1 2 171.86 -144.65 84.11 131.50 -141.09 90.68 97.84 91.25 142.03 5.55 5.92 4.82
2 3 -172.54 -108.54 54.71 -178.19 -142.48 86.28 107.65 103.72 142.60 5.14 5.81 4.56
3 4 174.65 -169.39 42.51 170.20 -137.67 125.81 113.89 111.62 138.45 6.44 6.14 5.54
4 5 160.30 -159.43 72.88 105.96 -136.66 138.32 125.87 89.60 119.56 7.14 6.96 5.69
5 6 174.69 -19.30 -37.80 -162.80 175.43 112.66 90.92 123.02 142.49 6.41 5.48 5.62
6 7 -158.54 78.07 156.02 149.93 -155.41 73.47 58.37 92.07 138.53 10.23 9.27 13.69
7 8 -19.15 -140.20 20.15 -83.45 152.66 154.00 119.68 90.95 115.11 7.01 6.45 6.03
8 9 -146.38 -80.89 61.33 122.54 -129.98 155.32 103.23 87.69 127.12 6.97 5.69 8.91
9 10 151.47 -125.91 132.52 -109.73 158.94 113.63 103.89 97.65 148.41 6.57 6.18 7.33
10 11 -125.77 63.67 65.70 160.18 -140.28 121.46 97.71 90.31 136.76 6.87 5.67 8.70
11 12 161.45 -72.13 28.39 -166.19 167.38 139.06 113.80 99.66 151.01 7.07 6.43 4.75
12 13 117.66 -142.56 66.00 139.86 -138.87 79.69 105.24 96.85 130.07 4.93 6.12 4.29
