NNNNNINNNINNN
1 2 168.51 -158.85 68.74 156.60 -159.25 113.00 100.04 90.84 147.03 6.67 6.04 4.38
2 3 161.18 -137.66 73.31 146.48 -151.55 92.72 103.08 87.14 145.64 5.71 6.12 4.34
3 4 173.59 -124.49 66.12 154.79 -152.67 89.57 100.69 89.97 145.66 5.36 5.92 4.18
4 5 157.58 -136.85 73.06 151.81 -146.54 94.13 108.09 84.72 150.32 5.69 6.28 4.49
5 6 179.75 178.65 -9.76 121.56 -163.25 158.17 83.27 102.71 148.39 9.75 6.70 5.75
6 7 127.86 -83.13 -154.97 110.78 -141.57 122.60 123.70 85.74 136.57 6.44 6.58 9.74
7 8 -52.57 -105.07 59.94 -179.27 171.96 86.27 112.71 93.22 143.80 5.20 6.33 4.98
8 9 -173.71 -58.71 45.01 136.65 -148.87 134.88 122.35 91.88 146.04 12.49 12.02 12.59
9 10 140.58 -129.77 71.05 140.07 -152.21 87.25 103.29 90.08 144.92 5.42 6.15 4.49
10 11 174.42 -124.89 63.93 148.25 -155.19 84.76 106.78 93.83 148.94 5.14 6.11 4.70
