NNNNNNNNNNNNNN
1 2 179.61 -154.27 61.65 -177.80 -152.50 93.89 105.18 95.39 143.08 5.62 5.93 4.58
2 3 167.59 -159.52 77.67 157.73 -160.65 136.94 104.12 94.30 151.84 7.10 6.19 5.20
3 4 176.25 -137.11 65.94 162.40 -156.28 90.83 103.82 94.16 152.73 5.53 6.13 4.53
4 5 167.15 -132.03 66.58 -168.08 -166.09 91.55 104.19 88.43 150.37 5.51 5.99 4.37
5 6 163.90 -111.60 -72.25 163.22 -164.48 108.42 126.83 94.62 146.93 6.26 6.97 7.49
6 7 27.99 -130.43 63.06 176.63 -171.03 95.65 102.41 88.69 150.28 5.77 6.05 4.12
7 8 172.00 -123.97 80.11 -130.60 151.95 100.67 119.08 101.92 119.03 5.89 6.60 7.00
8 9 -149.07 -87.69 42.73 103.11 -140.79 117.06 106.28 136.02 126.90 6.18 5.32 6.98
9 10 -100.78 27.96 98.37 138.58 -179.65 119.66 81.80 94.25 144.06 5.75 4.73 7.30
10 11 -138.75 -65.34 -157.12 176.47 -146.08 120.81 130.18 114.24 149.82 6.41 6.68 10.58
11 12 -43.04 -159.43 69.71 139.32 -152.34 112.16 112.17 97.00 144.60 6.28 6.31 5.34
12 13 166.19 31.46 -49.22 -177.08 -151.07 83.82 110.74 143.40 143.35 5.20 6.28 10.14
13 14 78.63 158.87 76.28 145.76 -154.54 111.31 107.55 94.40 143.52 6.35 6.33 5.08
