NNNNNNNNNNNNNNNINNN
1 2 177.51 -100.56 34.61 -143.69 173.81 111.22 107.58 103.14 142.72 5.96 5.60 4.85
2 3 -142.46 121.75 58.51 140.69 -156.96 134.23 127.35 95.39 139.85 6.41 6.48 6.92
3 4 -139.32 142.97 103.20 -118.15 177.81 141.94 91.09 118.83 161.82 6.86 4.89 6.82
4 5 -116.31 -154.49 34.79 12.79 156.88 134.26 108.74 113.29 89.00 6.78 6.36 4.70
5 6 152.63 -125.93 54.76 173.05 -173.75 104.67 100.74 97.64 155.82 5.86 5.70 4.50
6 7 151.70 176.60 -52.44 148.82 -149.40 102.43 117.18 80.92 142.16 6.13 6.59 7.95
7 8 38.24 -139.96 76.93 144.89 -147.33 101.97 106.70 92.13 146.48 5.96 6.29 5.10
8 9 173.13 -139.67 69.55 170.75 -163.21 99.14 107.98 87.16 152.04 5.91 6.26 4.58
9 10 161.96 -142.01 75.20 179.69 -171.58 100.94 105.80 90.47 151.64 6.02 6.24 4.85
10 11 170.09 -136.25 55.71 171.64 -147.08 102.74 107.39 100.89 144.16 6.13 6.30 4.56
11 12 162.76 -163.44 75.51 153.80 -151.93 123.13 99.25 85.43 149.28 6.77 5.84 4.44
12 13 -179.46 -118.16 45.56 170.47 -139.35 94.45 110.93 101.79 142.58 5.51 5.99 4.52
13 14 168.55 -129.49 -12.77 -170.52 -167.76 122.25 120.14 154.21 149.04 6.25 5.67 7.17
14 15 169.56 61.04 70.72 -13.21 134.74 103.86 79.68 115.26 122.22 5.46 4.50 6.46
15 16 -45.01 54.97 60.24 -174.81 174.74 139.95 65.60 82.59 152.55 9.77 6.62 4.32
16 17 151.23 172.87 97.53 146.92 -153.46 108.94 99.22 92.35 146.81 6.22 5.95 7.01
17 18 -157.29 -127.55 71.51 -155.84 171.84 89.94 99.57 84.09 146.12 5.40 5.74 4.43
