NNNNNNNNNNNN
1 2 171.12 -135.41 64.46 170.11 -158.20 95.36 102.64 93.82 148.33 5.70 6.00 4.29
2 3 158.53 -140.50 73.99 180.00 -164.92 95.60 101.41 94.78 150.55 5.74 6.01 4.53
3 4 170.64 -149.61 101.56 156.31 169.61 95.02 121.58 102.01 141.20 5.72 6.69 7.40
4 5 -132.47 100.43 43.72 -92.20 142.55 108.87 72.10 86.09 132.69 5.87 4.30 5.56
5 6 144.02 -133.03 129.83 168.82 164.78 100.57 125.75 91.77 139.88 5.91 6.66 8.55
6 7 -120.09 136.76 79.84 164.88 -163.42 110.59 75.01 88.10 146.87 6.06 4.58 6.30
7 8 177.00 -134.70 66.42 167.17 -161.91 101.13 104.78 92.44 151.06 5.96 6.18 4.53
8 9 -179.16 98.25 -123.09 -155.27 153.89 91.38 88.36 85.05 138.07 5.30 5.16 10.12
9 10 -4.32 178.85 42.22 136.85 -148.36 129.81 132.74 93.85 147.24 6.77 6.85 7.26
10 11 141.58 -129.00 63.72 151.53 -154.11 89.75 104.51 92.82 149.91 5.48 6.13 4.41
11 12 158.87 170.45 -124.00 178.07 -144.83 101.00 115.89 97.68 148.60 6.06 6.55 10.31
