NNNNNNNNNNN
1 2 164.81 -146.55 71.20 161.64 -159.75 114.73 102.84 91.40 147.71 6.37 5.93 4.58
2 3 169.22 -136.34 69.64 158.00 -159.31 99.93 100.24 90.17 152.43 5.95 5.97 4.28
3 4 166.50 -149.15 70.73 176.01 -168.22 97.63 102.96 90.73 154.60 5.86 6.11 4.73
4 5 176.60 -107.65 85.53 -103.88 151.01 90.27 138.50 99.65 128.08 5.37 7.08 8.17
5 6 -115.78 71.89 66.81 150.35 178.52 145.87 80.65 87.11 143.12 7.21 4.86 6.36
6 7 173.84 117.25 33.67 37.41 -154.43 126.08 82.71 87.45 106.13 6.84 5.03 6.23
7 8 136.59 -138.70 77.29 -124.00 151.89 115.44 100.62 86.60 121.84 6.57 6.05 4.95
8 9 173.55 -142.17 46.40 -156.93 -156.13 124.74 96.92 108.69 145.66 6.88 5.64 3.87
9 10 171.12 176.61 80.88 157.00 -158.46 138.73 100.52 93.45 146.43 7.07 6.00 5.05
10 11 179.08 -173.33 77.63 158.07 -157.85 95.93 100.99 114.70 158.25 5.79 6.04 6.67
