NNINNN
1 2 167.87 -139.52 69.30 167.46 -163.21 95.58 102.60 94.46 151.09 5.76 6.07 4.49
2 3 138.43 -97.71 43.38 -176.84 161.47 134.36 80.26 91.41 142.02 12.44 9.53 5.31
3 4 161.69 120.86 -6.97 63.78 -167.83 122.74 72.91 109.48 86.38 6.63 4.47 6.70
4 5 110.14 -129.28 74.25 -178.21 -147.30 128.81 102.42 92.33 142.98 7.05 5.86 5.12
NNINNIN
1 2 170.89 -158.76 72.88 174.51 -160.28 92.10 104.10 88.64 152.25 5.55 6.06 4.84
2 3 123.64 -76.04 51.95 146.24 178.88 118.76 97.50 90.31 142.54 11.41 10.12 6.00
3 4 174.17 135.33 50.17 -90.81 157.75 111.51 79.74 89.10 98.18 5.93 4.83 5.61
4 5 81.65 -131.59 84.26 152.71 -153.08 132.88 65.14 84.17 144.98 9.61 6.00 4.01
