NNNNNNN
1 2 58.43 152.72 61.70 153.55 -147.46 117.81 110.55 82.13 147.57 6.12 6.26 4.42
2 3 153.45 -132.36 76.66 155.32 -159.43 104.07 104.58 121.96 156.31 6.15 6.20 6.05
3 4 -179.70 -161.15 63.92 -1.33 165.25 101.03 101.84 98.36 93.41 6.09 5.97 4.29
4 5 61.71 -45.76 116.62 158.02 -162.72 138.48 91.67 93.24 135.52 13.61 11.34 10.00
5 6 -124.00 101.81 31.91 177.65 -149.86 108.46 82.12 106.22 147.23 5.91 4.85 7.42
6 7 149.52 -167.27 57.96 149.81 -148.34 122.38 115.27 87.93 150.63 6.64 6.47 4.96
NNNNIIIIINNN
1 2 162.05 -135.67 66.24 170.94 -159.21 94.85 102.11 91.42 152.07 5.74 6.05 4.25
2 3 158.95 -173.95 82.89 154.89 -154.98 111.08 97.75 95.35 141.91 6.49 5.94 5.67
3 4 -178.02 -132.62 73.95 174.70 -164.16 99.79 102.86 92.67 149.09 5.95 6.08 4.73
4 5 77.41 -85.00 103.10 -139.18 -169.10 138.50 65.98 87.74 151.22 14.84 10.74 9.20
5 6 -157.05 159.43 43.27 -156.75 -155.26 132.09 98.39 112.12 143.67 6.64 5.56 6.69
6 7 171.69 -174.77 66.17 161.77 -160.88 134.39 105.74 93.93 147.75 6.81 6.18 4.62
NNNNIIIINNN
1 2 161.55 -151.54 70.52 168.28 -167.32 118.45 99.84 93.92 147.53 6.60 5.86 4.41
2 3 166.94 -156.51 59.45 166.52 -146.11 105.91 112.86 111.22 144.58 6.24 6.51 6.01
3 4 -174.31 -133.85 58.30 -161.74 167.09 111.64 95.91 93.01 128.80 6.18 5.51 4.42
4 5 17.49 -38.96 111.80 -157.97 173.19 157.79 23.38 91.09 139.50 16.16 9.30 8.74
5 6 -150.44 177.78 26.74 -155.12 -155.89 118.33 134.19 128.50 150.46 6.52 7.05 9.02
6 7 152.93 -171.88 69.03 158.33 -153.49 116.77 100.12 92.25 147.66 6.38 5.90 4.25
