NNNNNNNNNINN
1 2 178.79 -142.94 50.77 -176.49 -151.69 99.04 115.21 95.97 150.29 5.85 6.35 4.67
2 3 158.58 -146.99 64.08 133.39 -149.50 123.89 121.61 93.89 147.45 6.55 6.64 5.65
3 4 166.51 -134.58 63.42 178.60 -167.47 86.83 102.00 92.25 149.99 5.30 5.98 4.38
4 5 162.38 -123.97 -81.46 15.95 161.51 91.47 112.05 124.35 84.09 5.47 6.36 8.02
5 6 42.47 -135.67 53.47 -157.14 176.93 111.46 104.60 91.95 151.97 6.31 6.06 4.60
6 7 162.17 -130.29 89.45 -138.36 165.58 94.23 112.26 96.34 139.67 5.56 6.23 6.63
7 8 -171.78 138.15 -26.66 142.82 -150.38 112.98 99.43 100.91 110.21 6.50 5.28 7.63
8 9 159.22 -97.58 -111.65 -164.08 168.03 157.39 94.24 89.83 150.85 6.69 5.73 7.17
9 10 30.25 177.74 153.75 145.51 -149.38 82.92 97.54 84.43 150.55 8.24 9.14 14.30
10 11 -106.48 -117.78 60.02 126.03 -137.95 96.80 106.30 91.46 140.83 5.80 6.19 4.39
