NNNNNNNNNNN
1 2 178.60 -135.23 68.45 -170.74 -177.40 98.32 101.53 90.47 151.71 5.84 5.99 4.30
2 3 165.46 -17.53 -69.00 164.28 174.47 101.49 104.04 81.39 144.20 6.05 6.11 4.67
3 4 50.70 -62.00 171.01 158.90 -150.81 137.41 133.21 87.39 149.96 6.81 6.71 10.52
4 5 -88.11 -110.75 64.39 174.28 -166.97 99.52 100.68 90.20 153.34 5.81 5.88 4.25
5 6 158.76 -16.73 -68.51 -174.17 164.47 100.05 105.93 81.46 137.86 5.97 6.18 4.63
6 7 49.37 164.01 79.33 139.26 -158.68 137.43 102.36 88.04 151.95 6.85 5.80 6.52
7 8 179.55 -125.35 60.77 175.68 -177.53 89.79 109.43 99.08 148.59 5.50 6.34 4.95
8 9 168.05 163.21 82.85 160.53 -154.29 84.88 109.55 88.53 149.80 5.13 6.16 7.01
9 10 177.65 -143.17 74.76 163.83 -159.62 102.36 102.02 91.65 150.44 6.05 6.09 4.73
10 11 169.00 -121.69 71.35 151.49 -148.83 94.16 99.23 89.98 143.61 5.72 5.96 4.16
