NNINNN
1 2 176.87 -148.88 74.73 168.21 -160.18 92.94 97.50 93.62 156.85 5.69 5.91 4.40
2 3 142.91 -137.77 -144.76 -136.32 149.60 144.95 136.22 87.01 127.47 9.77 9.53 11.27
3 4 -3.88 116.30 69.81 154.25 168.98 136.73 93.35 94.00 144.48 6.51 5.04 6.73
4 5 -169.78 56.15 58.30 -167.79 -147.10 114.33 72.94 142.19 143.55 6.15 4.14 9.26
NNNNN
1 2 167.40 -169.97 81.33 -177.43 168.04 127.99 106.61 86.98 139.41 6.82 6.27 5.21
2 3 -172.37 -158.80 -178.28 -165.81 159.29 132.96 118.73 81.04 139.01 7.13 6.59 9.84
3 4 -54.49 136.16 73.32 157.37 172.17 143.42 89.76 89.13 146.39 6.90 5.24 6.46
4 5 -167.83 62.20 63.31 -138.76 -159.89 123.51 68.30 131.26 151.71 6.67 3.99 8.78
