NNNNNNINNNN
1 2 169.36 -158.03 66.77 152.83 -153.32 118.73 101.97 94.17 148.69 6.54 6.01 4.44
2 3 163.09 -143.38 70.73 172.21 -167.07 92.33 103.70 99.20 148.47 5.62 6.13 4.85
3 4 170.81 -143.40 46.00 177.68 -150.01 102.51 108.17 120.68 141.58 6.09 6.32 5.43
4 5 170.73 -175.38 73.98 179.83 175.33 120.16 101.36 88.23 144.52 6.77 6.06 4.62
5 6 -162.48 156.06 107.47 145.07 172.70 128.64 107.19 85.65 146.68 6.75 5.99 7.95
6 7 -47.52 41.68 36.78 -174.57 171.24 101.20 65.71 94.03 148.84 8.26 6.13 5.90
7 8 132.82 -144.17 66.64 -164.53 -179.20 82.13 99.01 94.71 149.18 5.28 5.97 4.31
8 9 166.67 45.75 78.18 160.91 -160.50 93.93 76.67 91.02 148.08 5.66 4.76 8.82
9 10 173.68 -136.80 71.75 161.29 -162.97 100.65 99.99 92.96 150.65 6.02 6.10 4.42
NNNNNNIINNNN
1 2 157.46 -142.76 74.08 167.01 -169.39 132.30 109.25 101.10 151.53 6.77 6.24 5.35
2 3 165.38 -140.54 45.85 173.30 -152.40 92.84 110.53 121.45 141.43 5.68 6.44 5.31
3 4 172.28 -163.05 67.35 163.13 -163.57 115.42 96.46 98.85 143.97 6.48 5.71 4.39
4 5 162.03 -147.57 60.27 168.92 -142.14 99.86 111.33 100.71 146.38 5.97 6.41 4.90
5 6 165.49 -151.16 -174.85 -156.62 176.82 122.32 127.29 152.16 148.20 6.70 6.61 9.90
6 7 -27.76 28.80 27.61 149.02 -141.18 117.45 50.80 115.66 132.97 16.20 12.16 10.35
7 8 155.22 177.19 93.66 -158.72 -161.66 132.42 117.29 96.72 153.46 7.16 6.64 6.65
8 9 -154.94 150.54 100.75 149.73 -152.73 117.44 121.11 83.77 151.79 6.39 6.55 7.66
9 10 -161.47 -129.49 43.08 -161.27 -158.45 92.28 115.20 99.87 149.49 5.54 6.32 4.66
