NNNNNNNNNN
1 2 170.72 84.94 159.29 152.86 -165.18 93.25 116.36 90.57 151.70 5.63 6.48 10.59
2 3 -98.19 -124.89 52.82 154.14 -161.58 86.11 117.33 97.72 149.30 5.23 6.65 5.28
3 4 150.61 -153.18 68.95 178.86 -166.34 87.64 103.61 91.89 150.51 5.42 6.14 4.76
4 5 167.02 -124.13 45.62 174.08 -146.55 105.96 108.53 109.25 142.43 6.27 6.34 4.63
5 6 160.78 -162.74 71.37 152.80 -156.57 124.46 103.46 92.93 143.68 6.86 6.13 4.72
6 7 170.80 -117.57 48.98 172.84 -154.48 106.46 111.77 93.29 145.55 6.30 6.41 4.28
7 8 158.03 -132.10 64.40 -168.21 162.24 119.85 107.97 83.46 142.46 6.56 6.23 4.65
8 9 -172.58 140.21 33.95 167.83 -147.30 130.37 81.51 124.99 143.59 6.81 4.88 7.05
9 10 155.62 -172.41 64.69 159.54 -159.49 109.95 107.56 93.16 151.47 6.30 6.24 4.81
