NNNIIINNNN
1 2 171.85 -171.28 56.11 158.95 -141.05 131.63 112.91 120.61 139.73 7.18 6.57 5.92
2 3 171.47 -137.62 46.97 161.23 -147.08 115.36 115.43 91.79 140.12 6.57 6.46 4.46
3 4 141.45 -142.92 -170.30 -127.59 136.21 152.00 122.59 103.95 135.81 14.07 13.13 16.18
4 5 -31.17 78.86 93.31 -72.37 150.23 136.23 109.81 69.46 102.56 6.46 5.47 7.14
5 6 -142.38 67.59 138.44 -171.17 179.15 162.32 87.60 81.94 147.62 6.95 4.93 10.07
6 7 -122.38 -144.62 34.98 -164.42 -158.09 105.09 121.15 107.82 144.73 6.05 6.67 6.19
NNNIINNNN
1 2 166.80 -174.77 73.22 167.36 -146.66 135.19 112.01 103.74 141.89 7.24 6.47 5.65
2 3 -170.78 -124.54 58.54 -158.17 154.79 113.76 106.88 87.41 135.38 6.25 6.05 4.72
3 4 143.86 -157.20 -154.84 -122.84 148.57 137.52 110.92 86.43 118.43 11.77 10.64 13.75
4 5 -44.44 121.43 65.29 171.65 169.24 128.10 83.11 85.41 144.44 6.90 5.06 6.68
5 6 -177.63 79.46 116.85 -165.82 177.54 129.35 77.24 94.20 150.30 6.79 4.71 9.87
6 7 -147.08 -167.06 34.82 -147.97 -153.08 93.72 107.15 120.93 145.40 5.70 5.82 5.90
NNNIIINNINN
1 2 163.79 165.58 80.14 144.02 -153.74 126.73 102.24 102.98 137.65 7.00 6.12 5.70
2 3 177.43 -133.49 69.20 165.00 -159.44 90.02 105.26 91.81 150.35 5.51 6.19 4.60
3 4 154.13 -144.84 -153.71 -139.71 151.34 141.04 132.25 97.30 116.89 12.76 12.45 15.14
4 5 -31.45 159.22 73.58 -158.90 157.82 118.29 95.05 84.30 138.11 6.40 5.46 5.49
5 6 -117.44 29.70 81.04 -116.05 171.96 75.83 163.88 128.74 144.32 5.80 9.22 14.95
6 7 -135.86 130.11 57.44 162.20 -142.56 130.84 101.36 111.07 139.32 7.15 6.08 5.86
