NNNINNN
1 2 171.03 -132.81 84.95 -174.09 -162.44 94.48 97.21 94.19 150.57 5.67 5.80 4.76
2 3 -174.78 -124.12 57.23 -159.16 164.41 101.19 105.90 139.45 132.40 5.87 6.09 6.18
3 4 -50.42 96.60 -3.76 -169.78 176.96 151.49 120.01 99.46 149.74 10.57 9.56 5.56
4 5 -110.18 -10.31 68.84 -130.30 153.06 155.32 81.79 78.13 150.64 6.65 4.42 4.79
5 6 160.89 -114.33 65.61 -146.62 -170.55 104.68 89.71 112.50 140.38 6.12 5.47 3.95
NNNNNN
1 2 179.32 -126.12 64.81 168.66 -166.10 95.10 103.84 92.49 149.72 5.72 6.12 4.32
2 3 155.94 -160.05 156.02 -139.15 159.42 98.38 120.44 88.31 141.32 5.94 6.67 8.75
3 4 -64.03 104.41 31.65 163.84 169.21 165.00 94.80 97.65 132.77 7.44 5.57 6.49
4 5 150.61 117.67 2.81 63.85 -165.22 117.59 66.03 110.48 87.00 6.32 4.05 5.99
5 6 124.45 -129.87 64.13 -166.78 -152.89 126.45 97.15 113.22 142.81 6.87 5.69 4.91
