NNNNNNNNNN
1 2 179.76 -24.82 -65.33 141.54 -166.07 100.01 106.30 76.79 145.01 5.94 6.18 4.69
2 3 53.24 143.27 44.54 -99.58 148.32 137.05 63.89 97.58 134.91 6.69 3.75 4.07
3 4 -147.00 -73.01 -88.97 142.36 -159.89 141.63 111.72 105.44 135.97 6.74 6.02 8.31
4 5 9.11 -159.03 71.22 145.34 -152.72 93.16 105.21 89.86 148.52 5.63 6.19 4.73
5 6 165.27 -138.99 69.58 167.14 -161.61 94.82 102.60 99.78 146.05 5.78 6.13 4.73
6 7 168.97 -155.03 68.27 146.63 -139.67 98.31 99.24 97.36 144.53 5.88 5.86 4.51
7 8 165.29 -136.21 66.89 174.50 -157.03 99.91 104.83 104.56 141.50 5.86 6.10 4.78
8 9 165.92 -154.44 71.81 135.81 -145.84 107.55 103.58 92.53 150.60 6.32 6.14 4.56
9 10 166.73 -144.84 78.58 149.39 -153.88 96.87 102.38 94.13 151.03 5.81 6.07 4.94
