NNNNN
1 2 166.85 -153.94 62.85 -175.06 -166.70 96.58 106.75 99.47 150.81 5.73 6.15 4.87
2 3 161.00 -128.40 -62.86 157.26 -162.84 96.28 124.63 94.74 153.17 5.72 6.81 7.17
3 4 35.74 -142.27 69.39 -179.53 -170.96 90.55 101.98 84.66 146.24 5.51 6.02 4.25
4 5 171.10 -115.73 130.39 -83.92 138.82 106.73 120.49 70.58 123.46 6.18 6.53 7.87
NNNNIN
1 2 169.03 -158.49 66.00 158.13 -146.69 96.94 105.31 93.71 139.69 5.86 6.16 4.83
2 3 175.88 -109.18 -84.57 150.60 -147.40 92.20 120.76 84.29 145.75 5.28 6.37 7.36
3 4 16.32 -120.38 57.77 9.21 172.78 107.07 108.37 110.53 92.93 6.14 6.25 5.30
4 5 167.98 -72.78 49.40 -174.15 -153.51 119.79 66.41 109.14 146.05 12.42 9.15 8.25
NNINININ
1 2 162.47 -115.30 43.43 178.15 -147.87 87.41 106.13 121.86 142.63 5.42 6.26 4.80
2 3 111.38 177.04 4.53 158.17 171.11 88.74 149.23 92.38 146.16 7.86 10.38 8.58
3 4 68.48 -100.89 55.07 153.24 166.07 87.96 74.96 98.61 141.18 8.90 8.06 4.36
4 5 140.38 -131.38 43.66 121.49 -135.24 87.50 101.21 85.52 143.43 9.97 10.86 7.63
