NNNNNIIINNNNNN
1 2 134.70 -58.25 -53.69 -127.20 174.86 137.03 145.70 95.44 153.11 6.53 6.93 6.39
2 3 112.89 -138.29 16.14 -127.61 163.17 142.69 113.97 98.99 137.04 6.83 5.95 5.12
3 4 -170.85 151.86 74.60 120.15 -146.69 166.17 110.13 123.23 145.83 7.60 6.47 6.19
4 5 166.98 -155.76 75.03 -176.02 -171.31 72.45 101.23 90.47 148.29 4.59 6.03 4.85
5 6 144.57 -139.77 -158.36 -128.48 144.32 143.42 110.53 81.75 118.54 14.03 12.58 14.79
6 7 -33.40 123.27 49.25 178.99 174.48 129.20 92.24 92.86 143.37 6.70 5.36 6.88
7 8 -172.84 66.80 96.53 179.79 -156.20 136.30 86.79 105.82 146.50 6.95 5.14 9.85
8 9 -103.18 172.77 30.76 -178.80 -161.05 129.63 145.31 91.86 146.03 6.59 6.84 7.03
9 10 131.38 -121.10 29.33 -144.21 -156.04 118.58 106.91 134.09 144.73 6.66 5.96 5.17
10 11 -173.45 -175.40 35.30 149.49 -135.86 123.33 118.40 109.97 137.89 6.47 6.72 5.32
