NNNNNNNN
1 2 168.07 -142.10 64.69 157.64 -155.25 106.58 97.62 95.72 141.75 6.07 5.72 4.22
2 3 167.40 -144.76 60.80 165.84 -158.01 96.00 106.42 103.62 143.77 5.70 6.14 5.06
3 4 164.00 -113.15 -84.41 148.96 -158.65 90.86 121.10 87.48 150.86 5.48 6.71 7.30
4 5 18.88 -126.44 57.90 169.56 -160.47 96.62 103.39 91.45 148.52 5.74 6.02 4.21
5 6 158.45 -110.90 39.28 -170.51 -143.82 98.48 102.43 124.90 149.45 5.81 5.92 4.65
6 7 160.39 -144.97 70.92 149.93 -152.63 118.03 100.03 91.94 142.54 6.57 5.94 4.71
7 8 169.66 -117.06 58.23 142.12 -140.70 97.92 104.28 94.66 140.25 5.87 6.14 4.21
NNNNNNNIN
1 2 170.73 -134.33 71.17 155.79 -159.35 100.41 102.58 91.52 146.96 5.99 6.09 4.52
2 3 172.77 -144.16 64.60 173.07 -169.03 97.90 108.70 97.19 151.50 5.84 6.25 5.13
3 4 169.90 -112.88 -72.87 179.53 -175.84 89.69 119.55 88.54 151.77 5.35 6.56 6.98
4 5 29.45 -128.63 55.83 -176.42 -165.56 94.78 107.88 93.35 150.17 5.66 6.21 4.47
5 6 162.76 -168.26 72.38 155.53 -159.24 98.42 111.95 90.38 152.51 5.73 6.25 5.93
6 7 167.85 -126.82 66.04 178.15 -159.47 90.16 103.44 92.73 149.18 5.46 6.13 4.26
7 8 99.72 -14.72 24.85 158.20 -157.19 140.43 105.84 96.71 149.82 10.44 8.98 5.02
