NNNNNN
1 2 164.28 -150.69 68.74 169.43 -162.14 101.07 108.48 97.78 155.26 6.04 6.33 5.25
2 3 166.87 -115.32 -83.28 157.77 -147.19 86.67 121.82 93.53 146.52 5.30 6.78 7.56
3 4 16.85 -157.72 67.77 -173.47 -175.80 99.63 114.97 87.81 149.53 5.84 6.39 5.25
4 5 171.20 -145.52 69.71 -140.48 165.53 100.09 104.90 86.29 142.07 5.85 5.97 4.72
5 6 174.83 -64.00 54.24 165.41 -136.43 105.79 94.12 104.89 143.39 6.05 5.55 5.45
NNNINNN
1 2 167.18 -129.73 64.65 146.13 -149.76 89.54 104.72 89.87 144.70 5.47 6.14 4.29
2 3 164.34 -74.22 -94.51 -178.00 165.13 90.58 114.77 85.64 139.69 5.47 6.49 6.66
3 4 -34.75 -88.92 27.11 126.31 -144.09 118.94 92.62 95.20 137.50 11.52 10.07 5.07
4 5 124.82 -131.51 67.31 159.43 -158.43 90.10 111.70 95.69 146.30 5.50 6.45 5.12
5 6 164.30 -122.53 63.84 154.11 -155.39 91.71 100.48 94.04 143.01 5.60 5.99 4.11
