NNNNNNNNNNNNNNNNN
1 2 174.76 -140.98 55.76 161.19 -144.08 93.59 109.98 100.90 142.76 5.73 6.39 4.65
2 3 166.56 -156.99 67.16 164.17 -159.95 115.66 104.68 90.96 146.78 6.41 5.99 4.68
3 4 164.66 -140.98 69.37 163.44 -158.57 95.26 101.78 93.63 149.88 5.68 6.00 4.50
4 5 164.14 -174.00 77.84 152.55 -154.67 102.81 105.77 94.82 149.75 6.13 6.27 5.87
5 6 171.74 -143.56 72.90 166.19 -160.59 93.71 99.95 94.99 150.69 5.72 6.01 4.47
6 7 169.70 -22.90 -69.23 -155.33 154.65 96.69 103.50 78.24 136.07 5.84 6.07 4.45
7 8 53.82 170.22 -4.32 146.57 -152.02 141.00 131.79 95.40 141.47 6.80 6.68 8.03
8 9 90.74 -150.16 74.90 148.13 -154.64 96.60 106.15 97.62 144.62 5.86 6.27 5.20
9 10 169.91 -144.54 72.27 151.73 -154.18 89.62 101.95 93.69 147.00 5.51 6.07 4.56
10 11 168.98 -147.02 68.48 160.40 -154.76 94.77 105.18 93.48 151.31 5.75 6.20 4.76
11 12 162.12 -140.89 73.44 153.83 -151.18 94.52 101.39 93.70 146.91 5.73 6.04 4.49
12 13 168.09 -155.12 76.10 151.40 -154.35 103.58 104.20 96.20 149.97 6.17 6.20 5.19
13 14 170.80 -143.89 69.00 151.79 -148.09 90.83 102.37 93.77 148.00 5.57 6.09 4.43
14 15 161.97 -153.31 86.47 -7.89 169.81 96.36 106.61 109.90 89.31 5.82 6.27 6.23
15 16 -179.09 -133.65 67.42 148.99 -150.00 83.84 100.43 94.44 142.07 5.22 6.00 4.28
16 17 160.26 -139.47 77.40 147.01 -153.67 94.84 104.73 96.88 144.87 5.77 6.21 4.96
