NNINNN
1 2 174.47 -111.10 45.53 -175.28 -149.47 92.79 107.36 112.28 146.92 5.61 6.22 4.57
2 3 90.23 -170.87 -10.74 -171.06 -169.21 131.47 118.23 90.62 148.11 9.85 9.28 6.72
3 4 92.77 -136.95 62.74 -164.80 -178.28 115.32 103.20 90.33 153.53 6.44 6.04 4.30
4 5 161.08 -100.07 58.32 176.28 -145.02 98.33 100.86 96.29 149.44 5.85 5.83 4.24
NNIINNN
1 2 167.40 -116.83 59.07 -161.71 173.86 89.69 106.16 91.85 148.37 5.35 6.07 4.46
2 3 79.90 -179.08 2.47 150.72 -148.11 102.26 84.58 128.43 157.52 11.24 10.17 7.25
3 4 104.58 -157.23 61.04 143.14 -141.69 99.36 99.55 87.32 145.10 6.04 6.04 3.71
4 5 163.65 -115.79 61.58 160.51 -154.80 97.44 104.28 87.08 153.80 5.75 6.00 4.26
