NNINNNNNNNNN
1 2 167.15 -146.89 76.73 155.96 -154.34 89.82 105.29 96.17 146.86 5.52 6.21 5.08
2 3 -152.91 65.90 -144.11 131.23 -151.88 106.62 127.65 90.61 138.65 11.60 12.65 17.08
3 4 -42.51 -109.28 58.01 173.43 -173.40 85.78 103.99 90.42 154.17 5.21 6.02 4.18
4 5 156.78 -131.44 65.25 166.56 -168.32 96.32 105.28 105.36 151.04 5.76 6.15 5.01
5 6 158.49 -133.40 46.11 174.93 -141.20 87.88 107.15 116.83 144.56 5.41 6.21 4.62
6 7 160.32 -168.54 75.95 165.87 -161.08 116.10 101.42 95.30 145.26 6.47 5.93 4.78
7 8 172.58 -142.47 72.22 179.92 -173.87 97.30 101.47 94.64 152.18 5.84 6.07 4.61
8 9 170.24 -175.48 79.20 -163.25 165.43 98.25 101.13 97.52 129.83 5.95 6.04 5.93
9 10 -177.90 -150.85 -22.27 115.64 -142.36 121.29 117.78 80.10 135.38 6.80 6.59 5.31
10 11 87.18 -92.44 74.80 122.60 -144.17 111.57 125.89 90.10 139.34 6.26 6.82 7.25
