NNNNNNNNNNN
1 2 175.83 -136.75 68.96 153.31 -150.68 99.18 102.27 87.20 145.86 5.89 5.97 4.23
2 3 168.91 -130.91 71.27 171.13 -167.12 91.72 100.37 93.04 151.08 5.46 5.80 4.43
3 4 165.78 -127.97 56.80 170.44 -153.27 92.85 112.48 98.18 149.41 5.59 6.52 4.69
4 5 164.58 -114.61 -72.87 136.76 -146.64 96.12 123.29 88.35 148.78 5.53 6.50 6.98
5 6 26.22 -129.21 67.38 155.96 -156.30 90.66 102.71 96.74 142.17 5.48 6.00 4.57
6 7 161.80 -151.42 75.65 152.92 -161.73 100.04 106.34 103.25 147.37 5.97 6.26 5.40
7 8 170.61 -135.75 46.89 165.23 -138.11 88.05 113.01 101.41 147.93 5.43 6.44 4.52
8 9 152.72 -151.40 72.70 164.09 -163.97 112.53 103.73 97.73 143.81 6.23 5.94 4.89
9 10 170.37 -154.20 67.22 172.27 -163.94 92.59 106.93 92.26 152.44 5.60 6.24 4.84
10 11 171.56 -101.35 57.77 156.30 -157.64 94.84 120.45 91.64 152.84 5.61 6.60 5.66
NNNNNNNNNINN
1 2 176.49 -155.04 71.54 179.79 -168.05 101.31 104.32 86.56 150.93 6.00 6.09 4.87
2 3 -179.89 -115.26 52.42 -153.91 170.92 96.32 108.85 97.87 145.21 5.57 6.09 4.74
3 4 161.55 -105.38 50.08 -168.63 179.23 99.40 101.49 91.94 155.70 5.86 5.98 4.37
4 5 145.46 -156.73 -76.37 148.32 -155.12 98.81 130.34 87.60 143.76 5.95 7.00 8.89
5 6 23.07 -117.11 59.59 162.78 -163.35 98.90 102.54 92.38 149.91 5.81 6.07 4.12
6 7 159.90 -134.49 66.20 165.36 -159.41 90.39 103.25 92.03 151.43 5.49 6.05 4.47
7 8 160.87 -168.65 13.34 -135.25 -176.83 107.05 102.59 120.15 148.12 6.32 6.11 6.39
8 9 148.91 38.63 -102.56 124.09 -162.35 106.20 98.65 76.87 142.94 5.88 5.57 9.19
9 10 160.56 32.78 45.26 138.55 -150.86 121.77 75.34 96.41 143.58 9.25 6.78 4.24
10 11 141.83 -137.66 70.90 154.33 -154.14 87.40 103.28 92.96 149.58 5.39 6.12 4.59
