NNNNNNNNNNNNN
1 2 172.13 -148.68 73.95 165.37 -159.60 92.44 101.34 92.45 148.90 5.66 6.07 4.73
2 3 171.44 -130.09 68.19 167.48 -159.52 94.19 102.29 90.39 148.71 5.68 6.03 4.29
3 4 164.08 -136.96 70.91 175.67 -164.29 99.16 102.75 91.47 147.89 5.93 6.08 4.48
4 5 168.07 -128.46 67.80 163.15 -163.48 94.05 109.12 99.64 148.43 5.65 6.31 5.05
5 6 166.71 -118.58 -73.88 133.89 -145.77 88.09 125.22 87.11 147.88 5.40 6.87 7.21
6 7 27.47 -128.31 64.27 161.06 -158.32 90.59 104.83 92.03 145.34 5.48 6.09 4.53
7 8 160.41 -144.94 74.11 163.61 -165.55 101.64 102.97 96.25 151.38 6.05 6.13 4.92
8 9 170.51 -120.85 41.04 177.63 -152.08 96.61 109.95 113.40 141.00 5.86 6.42 4.71
9 10 157.87 -169.16 69.76 157.90 -157.27 122.68 104.38 94.02 146.87 6.83 6.16 4.72
10 11 164.47 -141.63 71.08 164.24 -158.83 93.51 104.52 93.12 150.89 5.69 6.18 4.63
11 12 171.91 -127.91 63.50 142.36 -151.05 93.10 111.24 93.76 143.84 5.58 6.34 4.92
12 13 160.39 -138.87 72.30 153.76 -156.41 91.20 106.56 96.35 151.36 5.57 6.26 5.04
