NNNNNNNNN
1 2 175.60 -146.56 70.26 163.60 -164.96 105.69 107.00 94.40 150.82 6.23 6.30 4.95
2 3 169.99 -124.95 62.64 -170.49 -170.91 86.20 104.79 93.78 150.44 5.27 6.06 4.33
3 4 162.19 -115.88 -69.11 149.34 -161.28 93.88 122.86 85.29 149.98 5.64 6.81 6.99
4 5 30.38 -127.20 63.65 165.27 -164.19 89.39 104.73 96.33 143.62 5.45 6.12 4.53
5 6 163.88 -142.88 107.25 -140.74 148.11 101.20 119.38 87.59 121.51 6.01 6.64 7.18
6 7 -128.87 -136.75 -75.80 151.17 -158.67 123.92 122.13 92.32 143.46 6.40 6.44 8.26
7 8 27.53 -123.36 63.52 -171.46 168.98 95.15 102.94 94.99 142.41 5.74 6.09 4.59
8 9 -163.43 -66.45 39.42 141.28 -156.33 119.99 115.89 94.19 148.92 6.44 6.29 7.42
NNNNNNNNIN
1 2 176.50 -127.68 69.08 173.47 -167.88 103.72 100.01 94.29 149.28 6.02 5.91 4.42
2 3 164.64 -122.89 49.36 -155.83 -165.60 102.29 105.88 112.35 150.18 6.11 6.23 4.51
3 4 166.29 -134.27 -85.23 149.32 -152.25 118.27 123.41 94.47 147.16 6.53 6.73 7.60
4 5 20.79 -126.84 62.26 -173.59 -174.11 93.09 101.64 91.70 148.92 5.52 5.85 4.30
5 6 164.59 -132.17 81.09 -124.88 154.04 98.54 124.05 104.42 123.46 5.79 6.74 7.01
6 7 -143.27 -150.46 -81.17 108.80 -142.46 110.23 134.92 83.80 136.47 5.85 6.62 8.71
7 8 36.96 -88.80 37.47 -162.17 -177.59 90.64 104.42 106.11 135.96 5.20 5.45 4.42
8 9 124.64 53.31 -40.99 175.02 -145.63 157.92 89.82 96.15 136.80 10.02 7.63 7.54
