NNNINNIIINN
1 2 167.58 -172.57 77.25 165.81 -169.06 125.82 102.32 111.04 144.57 6.93 6.05 5.53
2 3 172.99 -137.76 57.99 173.66 -151.50 93.25 107.27 95.75 146.84 5.68 6.21 4.16
3 4 153.56 20.19 28.21 174.42 -175.86 111.23 106.88 94.81 152.75 11.09 10.93 10.98
4 5 125.15 -17.98 -64.98 176.10 169.91 96.16 108.87 82.47 143.12 5.82 6.13 4.78
5 6 17.36 -64.83 120.81 -121.25 140.17 120.98 78.64 113.26 146.86 20.29 17.82 18.81
6 7 -133.85 170.19 39.23 -165.77 -166.76 104.71 109.13 107.41 148.02 6.16 6.37 5.87
NNNINNIIIINN
1 2 169.81 -161.31 87.27 157.00 -163.68 110.25 105.84 98.97 146.72 6.46 6.28 5.93
2 3 -173.78 -136.67 65.89 177.73 -169.70 90.02 101.00 90.06 150.05 5.50 6.01 4.18
3 4 154.83 21.22 32.89 176.07 178.21 105.01 118.04 91.74 156.92 10.89 11.54 11.56
4 5 130.93 -8.38 -74.03 -166.72 -160.95 97.72 102.28 84.73 144.91 5.88 5.82 5.14
5 6 12.34 -69.33 101.04 163.98 -174.64 123.72 33.01 85.18 151.18 23.86 18.74 19.68
6 7 -154.67 -179.63 52.19 162.07 -139.30 77.26 118.70 96.38 139.87 4.62 6.42 6.87
