NNNNNNNIINNNNNNNN
1 2 170.17 -126.43 73.93 169.75 -168.12 94.53 98.16 88.99 150.19 5.69 5.82 4.15
2 3 178.78 -128.92 66.92 -154.77 163.32 98.64 105.74 81.01 133.97 5.80 6.10 4.50
3 4 162.92 145.39 86.27 125.28 -140.18 129.13 93.94 84.22 145.06 7.03 5.67 7.30
4 5 -168.27 -109.76 55.30 158.81 -156.77 91.40 104.43 91.57 150.07 5.44 6.04 4.28
5 6 150.23 -139.97 75.99 155.42 -155.90 92.01 98.78 88.42 146.87 5.61 5.90 4.33
6 7 174.92 -120.18 67.07 174.53 -172.16 98.25 102.30 89.19 150.95 5.80 5.94 4.22
7 8 104.34 -140.69 -42.28 -177.20 157.57 124.68 61.19 90.67 147.64 12.62 8.84 6.52
8 9 80.00 117.43 66.41 139.91 -150.60 118.16 72.11 87.83 145.18 6.40 4.38 6.12
9 10 166.05 -125.47 64.24 158.19 -157.19 93.16 105.79 91.45 152.74 5.60 6.19 4.50
10 11 163.03 -127.82 69.17 155.16 -157.85 91.82 101.13 91.04 149.75 5.55 5.95 4.31
11 12 166.94 -127.64 67.04 162.87 -160.08 89.83 107.82 90.82 152.82 5.41 6.18 4.53
12 13 159.81 -157.35 94.22 131.78 -142.05 93.87 111.99 93.26 141.12 5.70 6.48 6.28
13 14 -171.43 -143.46 80.97 154.91 -155.10 90.85 102.01 97.22 142.23 5.55 6.05 5.09
14 15 -177.42 -122.46 64.43 164.67 -159.78 93.14 101.52 92.24 146.67 5.49 5.88 4.23
