NNNNN
1 2 -176.62 -138.57 -19.35 131.07 -145.85 112.51 135.59 90.04 150.62 6.43 7.07 6.32
2 3 75.86 -128.10 139.18 -21.46 157.26 86.68 134.00 137.82 107.75 5.35 6.78 9.82
3 4 -27.75 75.73 16.00 69.35 -153.02 122.43 109.98 88.66 101.95 6.43 6.28 6.14
4 5 111.49 -173.74 84.88 -90.64 141.10 109.97 90.11 85.83 129.07 6.40 5.59 5.20
NNIIINNN
1 2 -164.49 -154.83 21.40 161.55 -145.86 135.68 139.30 94.98 148.95 7.13 7.31 6.87
2 3 57.03 -75.02 53.84 -66.97 165.42 84.90 60.72 116.41 145.75 21.41 19.98 15.14
3 4 -135.61 108.71 39.28 -158.27 -160.68 145.87 105.95 102.25 146.27 7.00 6.13 5.53
4 5 159.43 -159.40 60.11 156.72 -150.36 139.08 104.55 94.40 148.86 7.08 6.19 4.36
