NNNNINNNNNNINNNN
1 2 172.26 -158.99 75.31 162.62 -163.24 89.06 104.77 91.58 148.26 5.46 6.12 5.10
2 3 169.36 -140.32 73.89 177.99 -171.46 90.47 102.37 95.64 148.72 5.51 6.07 4.68
3 4 173.70 166.61 71.45 -172.51 -177.32 94.72 134.28 120.35 145.71 5.71 6.83 8.89
4 5 -22.53 1.00 51.45 156.09 -149.64 119.88 49.59 90.18 145.53 9.34 5.41 3.83
5 6 145.03 -149.39 79.10 143.04 -156.98 111.55 113.18 89.82 145.93 6.40 6.54 5.48
6 7 177.08 -137.50 63.88 166.82 -161.24 87.76 111.18 95.87 154.32 5.33 6.35 5.01
7 8 155.18 -126.58 58.22 178.89 -148.27 94.77 106.84 114.53 150.18 5.77 6.31 4.87
8 9 -177.09 -171.48 71.93 -175.36 162.12 124.41 111.96 88.17 137.22 6.85 6.40 5.23
9 10 -160.88 159.91 91.65 -33.48 -166.44 131.56 101.81 127.57 91.56 6.53 5.38 8.23
10 11 -69.24 64.56 38.75 -148.11 166.43 83.93 72.98 95.87 149.44 6.52 5.96 5.92
11 12 137.66 -111.13 60.86 179.92 154.11 82.94 129.34 101.34 138.64 5.10 6.78 6.34
12 13 -177.65 68.83 108.73 165.82 -140.14 99.41 76.88 123.79 137.98 5.49 4.60 10.39
13 14 -134.19 -177.58 76.06 130.11 -140.12 116.86 109.54 93.70 147.06 6.58 6.34 5.20
