NINNNNNNNN
1 2 -179.80 14.97 -136.92 172.27 -174.96 72.83 124.34 94.03 156.55 8.49 11.42 14.71
2 3 -41.23 -146.88 73.23 150.74 -157.43 87.22 104.23 96.51 149.09 5.39 6.19 5.03
3 4 165.97 -154.24 75.45 150.88 -156.03 85.77 103.97 94.43 151.67 5.29 6.13 4.92
4 5 170.31 -147.59 71.21 142.51 -146.48 92.50 102.36 93.37 149.58 5.62 6.08 4.59
5 6 164.10 -144.34 74.86 163.57 -156.71 95.73 106.47 96.65 152.05 5.80 6.26 5.00
6 7 172.37 -140.00 64.94 -177.90 -166.77 90.37 107.17 99.52 145.62 5.45 6.15 4.77
7 8 162.46 -159.90 78.05 -180.00 -175.23 103.82 100.80 96.34 150.93 6.12 6.00 5.02
8 9 174.76 -129.15 51.81 166.15 -146.18 95.39 103.46 112.30 144.16 5.77 6.12 4.46
NIINNNNNNNN
1 2 -179.87 26.00 -129.76 137.38 -156.37 60.47 123.94 91.30 149.85 10.61 14.44 17.65
2 3 -32.74 -116.58 48.15 177.97 -150.59 87.67 110.14 112.34 147.39 5.32 6.40 4.96
3 4 152.11 -163.72 77.85 151.19 -161.75 128.68 127.10 78.01 144.98 7.12 6.98 5.17
4 5 -178.85 -127.00 53.39 171.60 -154.30 78.67 109.74 97.92 147.87 4.73 6.15 4.67
5 6 148.78 -149.72 79.08 159.65 -160.09 113.93 104.07 101.56 149.35 6.57 6.24 5.26
6 7 172.87 -174.55 82.19 140.42 -148.70 95.89 103.83 92.15 148.91 5.87 6.18 5.51
7 8 176.72 -143.66 77.84 161.89 -160.22 88.62 107.34 94.06 152.53 5.44 6.30 5.22
8 9 171.13 -142.70 64.27 121.11 -141.62 94.76 109.68 88.72 143.86 5.79 6.41 4.50
NNNNNNNNN
1 2 169.51 54.57 127.13 151.07 -152.58 90.15 90.29 88.32 144.88 5.49 5.50 10.20
2 3 -133.83 -130.60 71.97 -168.84 -172.58 96.10 100.45 92.62 152.44 5.75 5.94 4.52
3 4 172.75 -16.19 -74.58 -160.57 -179.08 98.29 103.61 79.65 144.55 5.82 5.75 4.80
4 5 14.48 172.92 87.41 177.04 -158.64 134.46 77.23 95.19 147.60 6.88 4.89 5.94
5 6 -173.93 -126.93 67.21 171.07 -166.04 105.21 105.15 93.12 151.23 6.13 6.14 4.50
6 7 162.99 -149.54 71.14 168.31 -160.05 93.60 101.45 88.50 153.62 5.69 6.02 4.45
7 8 165.37 -133.39 75.05 168.31 -165.05 93.76 100.71 99.66 143.78 5.66 5.99 4.74
8 9 175.71 -138.98 50.44 173.51 -139.56 100.73 109.64 97.03 147.53 5.99 6.26 4.34
