NNNINN
1 2 169.29 -130.11 79.47 -153.41 163.67 95.90 99.97 83.36 136.52 5.68 5.71 4.61
2 3 175.96 -171.90 79.41 164.66 -177.16 132.55 113.52 90.33 149.20 6.99 6.56 6.45
3 4 124.03 -125.30 31.13 -93.83 164.16 144.14 52.25 140.33 140.85 10.90 5.99 3.61
4 5 -175.91 164.80 51.76 -149.03 -160.05 119.36 98.20 111.28 141.08 6.52 5.70 3.81
NNNIIINN
1 2 171.29 -138.62 70.43 165.45 -156.67 87.61 99.45 95.34 153.57 5.36 5.87 4.39
2 3 164.20 -141.63 71.01 148.49 -148.47 100.00 105.21 92.86 142.92 5.98 6.25 4.60
3 4 72.23 -92.34 38.80 35.74 164.69 140.29 31.35 142.85 93.59 17.28 10.94 5.76
4 5 175.68 164.00 70.53 159.02 -154.85 115.10 102.73 91.53 148.90 6.61 6.13 4.31
