NNINN
1 2 157.09 -131.55 68.46 174.99 -162.86 88.58 104.42 89.59 150.61 5.42 6.16 4.35
2 3 120.95 -124.44 101.03 -47.47 150.09 114.88 64.97 132.08 126.16 10.88 7.83 6.15
3 4 -113.56 178.50 -0.33 -57.29 153.09 114.75 105.97 111.30 122.97 6.40 6.08 4.42
NNNN
1 2 178.56 -123.24 39.88 -172.07 -144.42 101.41 105.74 109.79 152.36 5.76 5.68 4.55
2 3 47.10 -166.37 -6.00 151.92 -154.77 120.77 57.95 86.83 150.84 19.53 15.70 9.71
3 4 99.48 -120.10 28.67 178.46 -131.63 90.19 111.14 110.85 142.76 5.38 5.73 4.41
NNIINN
1 2 151.29 160.20 84.73 152.28 -150.59 128.68 100.73 84.45 148.38 6.46 5.80 5.01
2 3 98.58 -148.26 7.39 61.95 -160.06 100.12 82.19 82.75 85.99 14.56 13.44 7.35
3 4 104.16 -116.41 70.94 -131.43 -170.52 122.63 103.79 94.27 146.49 6.75 5.75 4.64
