NNNNNN
1 2 163.34 -136.63 78.43 161.53 -158.66 91.88 95.45 94.56 143.36 5.60 5.74 4.38
2 3 175.55 -142.07 86.80 -150.83 156.76 93.76 100.45 89.81 135.56 5.63 5.85 5.05
3 4 -171.79 -176.15 110.54 -146.99 -164.48 128.24 68.55 91.81 154.31 6.88 4.06 5.17
4 5 -122.30 -154.07 50.66 165.66 -148.69 157.97 105.07 113.35 143.21 7.12 6.13 4.87
5 6 -171.77 42.81 53.75 179.96 -163.85 105.55 87.34 97.97 142.37 5.71 5.03 8.30
NNNINNN
1 2 167.70 -121.46 55.41 166.06 -143.56 92.44 112.38 101.22 143.71 5.68 6.58 4.65
2 3 173.40 -141.21 58.07 -176.58 -173.48 103.27 112.71 74.74 123.60 5.75 5.73 4.26
3 4 -75.30 64.21 63.87 141.14 -153.19 118.43 48.58 93.96 143.78 8.34 4.55 5.00
4 5 159.72 -130.09 70.60 154.49 -158.80 92.72 102.64 98.25 143.70 5.66 6.11 4.66
5 6 175.03 48.33 49.45 -146.88 156.38 93.07 90.48 73.07 124.84 5.57 5.13 7.27
NNNIINNN
1 2 171.17 -146.89 73.29 155.49 -154.34 97.51 104.89 93.63 147.38 5.87 6.26 4.79
2 3 166.28 -138.01 78.37 166.77 -161.99 94.54 99.11 91.03 148.37 5.74 5.93 4.39
3 4 -127.80 176.84 112.02 -164.72 169.68 153.95 36.38 94.53 144.03 12.63 6.31 7.93
4 5 -148.83 -162.77 68.32 -123.34 157.84 94.62 102.78 95.89 112.28 5.71 6.14 5.18
5 6 -171.08 84.17 65.48 171.91 -153.81 119.18 67.18 108.14 139.74 6.45 4.16 7.79
