NNNNIN
1 2 175.47 -114.56 68.79 -175.81 170.67 104.97 103.83 84.04 143.94 6.09 6.13 4.58
2 3 169.59 -141.56 70.43 -153.44 155.28 124.83 107.28 94.76 134.58 7.07 6.44 5.42
3 4 -155.65 130.20 3.57 -72.23 140.51 129.21 101.95 85.78 131.26 6.77 5.64 6.30
4 5 40.05 -112.39 73.36 116.77 -130.76 137.13 60.43 88.67 137.69 10.62 6.54 3.67
NNNNN
1 2 169.25 -132.12 78.87 -138.63 151.49 87.33 107.03 80.73 128.78 5.43 6.32 4.96
2 3 -149.39 179.92 48.65 -171.24 172.75 143.42 122.36 87.89 140.97 6.78 6.24 5.84
3 4 -174.67 152.28 11.67 -70.55 153.30 146.27 85.09 105.92 113.61 7.00 4.84 4.61
4 5 174.23 151.70 48.47 -154.51 -158.04 159.14 95.86 110.62 151.96 7.50 5.65 3.65
NNNININ
1 2 161.49 -135.86 71.77 170.73 -163.60 89.69 101.29 91.17 151.70 5.53 6.08 4.31
2 3 166.02 -147.07 66.12 156.54 -150.45 103.72 106.82 90.83 154.56 6.19 6.29 4.65
3 4 108.22 -139.35 9.37 -87.72 162.64 149.22 97.40 100.54 137.95 10.17 7.78 5.68
4 5 74.25 -116.40 74.08 126.71 -146.26 132.95 67.76 83.68 144.51 11.07 7.91 5.05
