NNNNNNNNINN
1 2 179.03 -154.82 75.15 166.05 -167.36 101.28 105.02 87.85 152.69 6.03 6.17 5.02
2 3 -179.98 -122.49 55.33 -175.42 -173.57 91.60 105.31 99.50 146.05 5.47 6.04 4.53
3 4 166.63 -100.89 44.59 -173.40 -176.42 100.96 101.96 94.13 152.92 5.92 6.02 4.46
4 5 144.03 -147.22 -86.78 135.80 -152.84 98.54 131.98 85.15 139.39 5.93 6.87 8.93
5 6 16.51 -110.15 55.79 166.89 -166.89 99.16 103.75 92.77 147.94 5.73 6.14 4.32
6 7 158.59 -132.45 59.26 176.84 -167.37 94.03 104.36 91.65 147.26 5.65 6.07 4.28
7 8 177.72 -100.45 16.49 -81.86 139.20 99.51 151.35 112.60 128.09 5.68 6.98 8.33
8 9 -112.54 92.30 32.99 133.34 -148.64 168.80 81.27 100.30 142.89 12.75 9.38 5.01
9 10 132.01 -138.64 67.47 163.78 -162.56 82.48 102.04 90.64 152.48 5.14 6.04 4.40
