NNININN
1 2 170.45 -24.33 -68.71 161.93 -179.41 105.67 93.72 88.53 145.28 5.81 5.42 4.64
2 3 -127.31 60.71 -37.91 -26.06 144.77 153.38 121.81 101.24 124.50 9.44 7.97 5.40
3 4 18.28 -102.12 42.77 131.20 -152.58 151.28 92.79 102.58 148.61 13.14 11.07 6.90
4 5 138.75 -130.61 68.51 150.72 -149.35 72.91 97.59 91.13 142.30 4.55 5.81 4.13
NNNINN
1 2 175.19 -118.29 41.64 157.86 -126.78 104.60 100.92 99.81 149.67 6.12 6.06 3.68
2 3 121.51 -154.22 -45.79 -73.48 160.78 111.67 98.11 115.34 135.94 6.46 5.84 6.61
3 4 91.25 -150.12 9.88 165.71 -156.10 142.07 78.92 89.22 143.82 13.81 10.54 6.82
4 5 106.78 -108.94 51.68 147.99 -139.38 125.82 100.03 95.68 139.16 7.13 5.99 3.70
