NNNNNINNINNNN
1 2 167.98 -138.17 77.80 12.12 177.82 102.01 98.87 98.90 93.61 6.05 5.92 4.83
2 3 -176.13 -127.89 37.72 -59.86 146.55 98.26 99.86 128.73 134.80 5.83 5.84 4.83
3 4 -180.00 -49.65 -129.92 118.82 -137.93 126.79 94.28 87.48 138.20 6.97 5.76 8.06
4 5 -30.27 -96.21 50.68 159.36 -164.87 102.23 109.19 94.66 150.86 6.04 6.34 4.62
5 6 -176.41 -140.36 72.81 154.56 170.47 108.21 90.40 99.38 141.82 11.36 10.27 11.01
6 7 -157.92 147.03 21.34 -65.02 150.37 114.74 68.48 111.14 128.19 6.02 4.03 4.33
7 8 89.44 -110.88 -13.54 159.85 171.88 116.43 117.34 86.47 144.30 8.95 9.06 4.24
8 9 95.49 143.74 82.60 137.71 -145.91 124.50 82.29 82.45 139.40 6.81 4.96 6.25
9 10 -176.58 -107.06 55.10 158.25 -156.43 98.64 108.12 93.87 149.97 5.70 6.22 4.43
10 11 158.60 -127.34 65.69 -170.47 -172.62 86.80 116.07 97.67 146.35 5.23 6.41 5.58
