NNINNNNNNNN
1 2 166.68 68.40 108.34 -163.35 168.38 106.58 100.88 94.57 145.46 6.29 6.06 10.17
2 3 -169.60 131.28 -123.80 145.83 -152.71 107.02 90.54 84.05 143.68 11.33 10.34 13.36
3 4 -29.07 -137.19 71.98 157.90 -156.78 100.97 108.40 93.22 150.87 5.95 6.31 5.05
4 5 166.00 -142.15 69.65 167.82 -159.87 93.65 101.10 97.42 145.03 5.71 6.04 4.50
5 6 163.68 -154.30 76.64 163.96 -157.24 98.85 100.68 92.98 152.19 5.95 6.03 4.70
6 7 169.76 -152.56 76.31 156.73 -157.86 98.86 101.50 92.56 149.57 5.96 6.08 4.79
7 8 172.04 -143.18 70.56 161.51 -155.97 93.95 101.73 93.82 150.91 5.70 6.03 4.52
8 9 163.86 -141.53 74.50 159.47 -156.70 96.32 100.44 96.13 145.56 5.82 6.03 4.56
9 10 171.21 -141.78 69.81 167.09 -158.82 97.27 102.00 93.59 152.02 5.87 6.06 4.45
