NNNNNNNNNNNNNN
1 2 170.11 -133.36 31.64 -118.31 171.15 119.52 116.37 99.27 146.62 6.41 6.30 4.97
2 3 154.90 -156.85 57.41 165.13 -173.25 133.31 110.47 104.66 149.62 6.92 6.42 5.48
3 4 166.69 -160.57 61.77 -162.93 178.71 81.70 112.06 93.72 149.85 5.03 6.30 5.65
4 5 164.72 -140.32 46.81 -164.08 -165.29 113.53 118.32 100.23 151.16 6.53 6.73 5.30
5 6 161.41 -131.60 54.58 -150.63 168.11 114.19 107.86 99.54 146.58 6.37 6.18 4.90
6 7 156.13 -124.02 -71.39 -130.29 151.09 90.28 126.38 85.27 149.48 5.52 6.92 7.39
7 8 35.22 -114.90 53.64 -125.99 173.88 96.74 104.11 102.51 143.24 5.75 6.00 4.62
8 9 170.81 -143.06 51.98 169.55 -144.07 131.90 111.76 107.37 145.39 7.08 6.49 5.18
9 10 165.34 -101.38 60.74 -129.64 -177.83 119.98 92.51 105.21 151.90 6.66 5.41 5.05
10 11 -173.42 -140.39 0.68 156.02 -136.49 135.79 120.41 114.50 139.18 7.03 6.78 5.50
11 12 120.88 -169.73 60.32 145.77 -145.77 122.46 123.77 93.72 140.67 6.86 6.93 5.78
12 13 160.58 -119.70 68.61 -171.44 -155.82 111.43 118.78 116.86 147.10 6.50 6.77 6.64
13 14 -169.45 -137.92 31.81 163.12 -142.48 120.71 115.87 110.32 144.36 6.83 6.65 5.12
