NNNNIIINNNNNN
1 2 163.34 -120.40 64.94 143.86 -147.10 98.89 95.58 95.88 141.56 5.76 5.68 3.90
2 3 158.67 -141.29 58.54 171.18 -148.21 106.13 114.46 126.92 139.26 6.23 6.56 6.32
3 4 -165.33 -168.43 57.41 170.70 -171.92 118.51 104.58 98.10 145.07 6.63 6.10 4.50
4 5 136.53 -167.31 -142.74 -130.62 152.08 128.12 96.20 96.00 126.57 11.70 9.97 12.85
5 6 -41.76 148.91 36.35 -17.11 147.50 114.22 70.13 120.51 135.83 6.37 4.03 5.17
6 7 -147.91 74.95 105.68 -176.10 -158.41 134.10 104.86 140.30 150.98 6.19 5.94 9.86
7 8 -126.77 163.37 70.52 160.30 -172.36 112.82 108.93 95.43 143.00 6.47 6.40 5.00
8 9 179.94 68.69 63.05 130.54 -137.24 88.51 90.62 79.78 144.46 5.22 5.28 8.12
9 10 160.92 -95.32 49.41 146.66 -152.02 94.85 116.35 90.18 152.31 5.63 6.52 4.61
