NNNNNNNNNN
1 2 179.81 -107.62 52.39 167.58 -158.35 86.42 104.09 91.82 153.17 5.21 5.99 4.24
2 3 151.32 -119.76 68.79 159.37 -154.11 95.74 99.98 91.65 150.10 5.72 5.91 4.30
3 4 175.95 -154.14 -105.46 120.50 -138.76 87.74 130.65 86.33 139.08 5.18 6.76 9.73
4 5 -7.29 -141.04 72.80 142.32 -148.39 90.41 113.11 89.29 146.64 5.49 6.48 5.38
5 6 169.49 -140.13 72.30 149.49 -151.74 93.00 105.59 94.11 152.65 5.65 6.21 4.96
6 7 166.55 -147.56 70.24 152.21 -151.54 89.22 102.39 93.88 142.65 5.48 6.08 4.57
7 8 163.91 -146.65 75.35 153.18 -152.84 95.03 101.28 94.22 140.20 5.75 6.03 4.66
8 9 173.06 -139.07 70.97 148.73 -151.55 98.87 102.09 93.13 148.54 5.90 6.04 4.52
9 10 166.20 -161.28 73.74 160.41 -156.23 95.76 104.84 94.14 153.87 5.80 6.20 5.28
