NNINNIINNNNINNINNNNINN
1 2 164.85 -152.13 76.77 -148.11 154.18 85.39 102.79 90.10 131.49 5.27 6.10 5.02
2 3 152.37 8.74 -89.04 144.08 -147.74 127.54 78.18 88.63 140.21 11.22 8.49 7.78
3 4 10.22 -130.75 75.74 -174.64 158.85 109.53 111.07 92.31 133.90 6.33 6.37 5.40
4 5 -24.76 96.35 -32.54 -162.40 -160.75 163.50 91.35 124.91 139.57 12.87 9.96 7.51
5 6 97.90 162.18 79.45 -165.48 158.57 121.21 107.13 84.63 131.59 6.68 6.20 5.15
6 7 -179.92 -103.34 75.03 -129.30 148.92 122.40 117.19 99.58 114.26 6.72 6.62 6.46
7 8 -144.82 119.57 44.83 -29.52 155.36 136.55 85.77 128.72 107.03 6.47 4.39 6.70
8 9 -54.47 -170.64 -81.34 149.90 -160.36 118.62 95.08 92.18 143.95 9.97 9.09 7.43
9 10 14.93 -145.86 81.26 -164.56 155.62 96.52 108.72 86.25 133.51 5.81 6.33 5.23
10 11 -46.05 122.73 -60.83 151.76 -164.31 118.52 97.83 97.23 149.95 8.85 7.84 7.73
11 12 37.42 176.00 90.07 164.86 -163.99 98.42 97.24 89.73 144.91 5.93 5.89 6.04
12 13 -167.08 -142.05 59.87 -175.10 -165.78 95.23 106.53 93.89 144.62 5.63 6.05 4.61
13 14 162.30 -13.48 -71.37 177.80 167.20 106.77 99.88 80.11 137.84 6.11 5.81 4.89
14 15 -80.00 -29.52 160.85 -159.41 155.72 157.80 49.52 87.59 139.34 10.75 5.47 6.94
15 16 -103.34 109.97 75.16 123.36 -143.28 120.90 85.15 85.45 138.99 6.79 5.22 7.69
