NNNNNNNNNNN
1 2 177.70 -133.46 69.09 165.06 -159.63 102.44 105.79 92.36 151.37 6.07 6.25 4.61
2 3 174.13 32.94 140.77 138.89 -145.54 93.03 99.93 92.81 137.82 5.53 5.75 10.71
3 4 -120.49 -148.57 73.99 157.40 -160.00 97.75 113.22 95.01 150.71 5.71 6.44 5.59
4 5 170.60 -27.88 -87.58 164.59 -169.46 94.11 85.89 85.92 140.55 5.80 5.21 4.50
5 6 85.98 76.91 28.16 -61.78 149.83 149.57 60.01 132.56 130.10 6.91 3.77 5.67
6 7 161.88 -87.21 49.30 105.34 -139.71 97.10 113.51 90.79 147.49 5.68 6.05 7.38
7 8 145.51 -176.74 72.32 170.79 -151.17 65.53 101.77 92.56 147.85 4.13 6.09 5.80
8 9 161.55 -139.33 78.48 153.24 -149.08 106.93 103.57 89.37 147.08 6.33 6.25 4.51
9 10 172.49 -136.41 80.02 173.66 -166.64 96.13 100.30 93.16 151.81 5.86 6.03 4.79
10 11 179.82 -110.51 53.50 -172.43 -153.20 95.31 97.65 124.74 141.91 5.65 5.61 4.43
