NNNINNN
1 2 159.57 -152.66 75.38 160.40 -157.00 94.65 102.92 92.48 147.11 5.74 6.06 4.81
2 3 173.53 -168.39 83.97 -153.14 156.24 102.70 107.50 88.46 138.45 6.07 6.28 5.85
3 4 159.14 -137.60 -69.88 -162.76 -163.20 86.00 70.64 125.07 147.28 8.61 7.61 7.29
4 5 58.74 -167.28 57.52 171.32 -167.36 113.04 107.21 94.10 150.09 6.41 6.19 4.57
5 6 171.02 -113.23 169.35 -111.08 152.89 93.36 114.38 93.57 110.95 5.45 6.28 9.84
NNNNNN
1 2 161.28 -148.37 80.41 139.00 -149.87 93.95 100.72 93.31 148.75 5.76 6.08 4.85
2 3 177.52 -164.40 67.14 -166.16 -155.94 85.95 105.67 94.80 154.51 5.30 6.08 5.23
3 4 170.00 -102.46 -101.00 161.05 -157.81 122.53 125.93 85.71 151.60 6.60 6.73 7.66
4 5 11.33 -116.10 46.92 150.87 -142.34 93.34 110.53 96.23 133.95 5.34 5.89 4.55
5 6 167.03 -91.79 145.34 -115.45 150.73 115.94 118.13 93.93 108.98 6.02 6.30 9.83
