NNNNNNNIIN
1 2 173.80 -145.07 75.66 174.11 -167.28 95.19 101.30 91.41 152.35 5.81 6.06 4.60
2 3 173.46 -141.58 80.79 145.06 -158.12 96.40 111.17 96.81 150.85 5.80 6.40 5.77
3 4 179.87 -117.86 -74.14 -160.80 170.64 81.94 123.56 87.48 150.46 5.06 6.80 7.29
4 5 31.45 -131.49 58.55 -137.36 163.35 93.91 106.77 93.29 144.41 5.59 6.11 4.65
5 6 160.14 -136.30 109.81 -99.75 132.76 93.27 121.52 87.96 127.28 5.59 6.62 7.41
6 7 -152.28 -107.96 29.71 -70.43 155.12 84.33 102.22 120.55 124.45 5.15 6.06 4.27
7 8 -38.30 69.67 37.42 128.34 -147.99 141.19 83.78 95.52 149.93 13.10 10.20 4.88
NNNNNNNIN
1 2 -173.64 -123.17 55.23 -142.16 167.70 87.45 100.30 104.17 142.19 5.31 5.88 4.30
2 3 168.16 -103.85 46.17 170.53 -164.85 92.61 104.66 93.60 155.97 5.45 5.97 4.70
3 4 139.63 -175.19 -52.49 -169.36 -173.53 96.40 118.50 90.87 151.73 5.85 6.72 8.26
4 5 42.43 -125.12 69.60 175.66 -165.94 95.85 97.38 95.48 154.43 5.76 5.86 4.10
5 6 166.57 -118.19 61.61 -137.90 152.73 90.42 101.61 127.22 154.25 5.45 5.96 5.21
6 7 172.97 -146.80 40.57 -72.47 142.29 85.42 128.23 127.14 151.00 5.21 6.45 7.13
7 8 -119.90 145.28 31.67 167.68 -161.54 177.89 100.69 90.54 157.28 12.24 10.29 5.40
