NNIIININN
1 2 162.00 -146.15 83.97 160.56 -160.39 95.91 104.79 98.22 149.85 5.76 6.16 5.24
2 3 84.91 0.43 12.29 -178.65 161.96 162.98 87.30 93.66 145.67 17.22 13.81 8.43
3 4 -177.29 -179.57 149.09 167.71 170.81 164.68 59.82 142.37 141.49 10.09 5.49 6.23
4 5 -81.84 111.37 81.61 132.95 -146.79 97.44 97.40 84.25 143.16 5.73 5.75 6.26
NNINNN
1 2 169.17 -136.41 72.82 173.30 -162.26 99.31 99.74 89.47 152.49 6.07 6.08 4.36
2 3 149.64 -50.20 38.21 -100.30 148.54 149.01 100.21 94.46 149.09 12.32 10.22 7.65
3 4 -147.22 88.76 58.47 -41.89 143.99 139.39 73.74 125.16 136.10 6.85 4.11 5.78
4 5 -167.59 147.58 48.79 -161.33 -150.28 130.91 104.02 99.97 151.02 6.84 6.09 4.72
