NINNNIN
1 2 124.83 -163.05 -17.54 129.64 -154.17 70.59 161.20 93.06 148.28 6.59 10.48 9.15
2 3 85.40 -126.32 64.41 170.00 -172.59 84.40 101.04 95.48 151.50 5.15 5.94 4.47
3 4 164.84 -135.41 68.89 -153.08 166.70 90.78 100.43 87.88 151.27 5.51 5.96 4.30
4 5 148.51 -120.94 42.72 147.02 -159.85 144.07 73.91 95.36 150.11 12.48 8.87 5.38
NNNNIN
1 2 175.65 -84.08 -103.85 161.09 -153.18 103.46 123.38 131.45 150.30 5.86 6.49 9.14
2 3 14.56 -158.96 58.66 -178.53 179.43 99.85 104.31 89.31 155.68 5.80 6.11 4.36
3 4 162.30 -135.87 66.35 -144.78 159.08 93.96 108.96 84.20 152.14 5.62 6.23 4.74
4 5 120.31 -93.59 47.56 118.58 -144.98 121.25 86.68 94.93 147.30 11.15 9.23 4.96
