NNNNNNNNNNNN
1 2 168.19 -126.39 33.40 -177.04 -149.80 117.85 115.77 117.60 150.25 6.77 6.70 5.54
2 3 151.47 -157.33 63.58 164.24 -170.61 126.51 112.52 95.51 151.58 7.00 6.45 4.79
3 4 157.83 -138.56 81.78 133.60 -153.93 81.81 95.28 97.54 141.59 5.07 5.76 4.70
4 5 -172.60 -107.63 63.64 -152.29 166.24 86.24 92.66 93.86 147.72 5.20 5.47 4.22
5 6 176.29 -133.33 -96.41 -178.96 -177.86 80.82 102.32 75.42 151.02 4.73 5.45 7.84
6 7 -5.11 -117.26 53.62 176.00 -167.87 109.87 111.73 96.74 158.22 6.15 6.42 4.58
7 8 139.78 -123.63 96.71 -124.11 153.77 73.11 94.45 98.81 142.64 4.60 5.77 5.15
8 9 -160.82 -148.80 67.84 -140.67 157.56 103.28 97.76 94.85 146.15 6.12 5.84 4.31
9 10 172.25 -92.32 45.99 -173.47 -152.98 99.88 96.47 107.54 143.72 5.94 5.66 4.26
10 11 166.88 -176.13 71.58 103.75 -134.96 130.70 110.41 89.58 132.95 6.85 6.35 5.21
11 12 166.95 -136.03 74.23 -148.88 161.86 95.92 104.43 101.89 151.70 5.81 6.22 5.20
