NNNNNNINNNINNNN
1 2 173.32 -140.25 59.62 153.44 -143.60 90.38 106.58 92.18 147.69 5.47 6.21 4.33
2 3 152.30 -129.00 71.79 163.30 -153.33 98.81 106.70 94.86 149.44 5.89 6.25 4.63
3 4 170.89 -173.33 48.92 -171.77 -146.18 90.09 103.52 109.15 148.42 5.46 5.83 5.66
4 5 171.64 -164.51 68.32 165.88 -158.22 134.66 103.75 92.03 148.93 6.95 6.13 4.52
5 6 164.09 -23.84 -70.66 -171.01 156.91 96.91 102.54 86.38 137.55 5.82 6.01 4.62
6 7 18.15 -158.41 17.18 148.07 -149.19 122.30 101.12 88.61 149.45 11.82 10.78 8.00
7 8 115.38 -123.67 68.32 157.76 -157.39 96.28 102.78 88.17 148.72 5.77 6.03 4.28
8 9 165.06 -125.91 66.61 165.56 -158.76 100.03 104.53 94.18 153.14 5.92 6.12 4.47
9 10 125.28 -126.29 122.42 -141.06 147.62 136.20 157.94 79.70 130.94 9.17 9.55 8.47
10 11 -111.20 178.88 -0.76 147.25 -138.42 158.66 84.37 126.27 141.79 6.93 4.82 5.06
11 12 113.44 -158.51 62.23 140.41 -150.33 100.25 113.58 105.93 141.25 5.83 6.38 5.62
12 13 155.41 -134.38 68.45 143.36 -142.54 83.77 105.71 94.07 140.91 5.21 6.21 4.56
