NNINNNNNNIN
1 2 169.69 -148.34 77.12 -173.19 164.61 105.76 104.53 95.35 140.37 6.20 6.18 5.16
2 3 -168.92 14.71 -119.00 123.78 -142.54 107.20 124.89 83.72 142.65 10.54 11.34 13.73
3 4 -16.74 -126.72 67.33 158.31 -165.98 92.74 108.21 94.35 147.06 5.54 6.25 5.08
4 5 166.55 -108.76 27.20 -178.64 -145.88 93.55 106.03 123.35 142.78 5.68 6.22 4.70
5 6 143.16 -175.63 76.07 157.99 -155.20 121.06 108.36 98.05 144.09 6.79 6.34 5.13
6 7 172.36 -129.35 67.24 171.08 -160.11 92.71 103.05 104.11 140.33 5.61 6.06 4.68
7 8 170.37 -164.00 76.53 -165.85 163.96 109.09 107.61 96.27 128.88 6.36 6.30 5.47
8 9 134.46 -100.88 46.92 124.88 -143.29 121.39 96.04 88.83 139.89 10.23 8.90 4.29
NNINNNNNNN
1 2 169.09 -140.46 73.49 -148.73 163.07 100.81 113.39 96.14 152.75 6.04 6.53 5.45
2 3 160.69 -17.86 -135.15 132.76 -151.13 88.82 116.96 82.09 134.38 9.51 10.83 12.23
3 4 -29.70 -121.17 56.98 161.48 -157.89 103.77 110.05 94.24 149.57 5.74 6.27 4.89
4 5 154.72 -154.79 73.37 155.87 -156.16 98.73 98.85 93.85 144.96 5.91 5.93 4.74
5 6 170.50 -140.01 70.68 160.48 -163.82 99.02 102.14 95.45 153.30 5.95 6.08 4.62
6 7 170.74 -134.46 57.82 164.49 -160.56 85.44 100.43 102.55 139.63 5.22 5.90 4.23
7 8 154.92 -151.70 75.07 153.11 -151.20 99.83 95.88 87.77 148.11 5.97 5.80 4.08
8 9 172.15 -141.40 72.97 144.31 -147.79 100.12 98.26 90.99 148.98 5.93 5.83 4.39
