NNNNNNIN
1 2 170.18 -144.83 68.10 -178.50 -173.14 94.14 103.72 97.20 150.51 5.72 6.09 4.75
2 3 169.14 -130.48 58.69 176.88 -158.75 94.70 104.03 93.77 149.43 5.64 6.03 4.14
3 4 157.74 -122.73 -66.29 155.02 -166.04 97.06 124.18 90.09 150.03 5.76 6.85 7.16
4 5 37.30 -132.76 64.99 -170.47 177.41 97.19 103.41 91.23 150.95 5.76 5.98 4.51
5 6 169.31 -118.23 79.92 -139.59 158.80 102.76 115.36 105.99 126.82 6.02 6.52 6.69
6 7 132.40 -87.43 36.13 120.36 -141.94 155.00 88.76 92.59 141.08 12.60 9.69 4.66
NNNNNNN
1 2 162.98 -144.82 74.25 159.36 -153.83 84.98 101.53 95.37 144.72 5.28 6.06 4.65
2 3 165.33 -164.01 85.88 167.73 -165.39 96.46 98.43 99.70 147.44 5.86 5.95 5.48
3 4 -176.08 -127.76 -63.37 146.33 -150.45 94.08 124.31 92.31 147.74 5.72 6.89 7.12
4 5 32.91 -131.21 66.35 142.05 -144.52 89.25 104.50 92.95 145.05 5.44 6.13 4.41
5 6 163.06 -143.31 79.16 162.50 -155.70 95.26 100.00 92.29 148.53 5.76 5.97 4.82
6 7 173.34 -96.96 80.61 166.73 -136.59 107.64 99.38 93.80 139.62 6.32 5.77 5.20
