NNNIINNNN
1 2 172.30 -170.13 59.35 167.90 -153.78 130.14 113.04 113.89 138.24 7.06 6.52 5.58
2 3 -178.95 -157.35 57.62 161.33 -160.60 115.11 104.65 89.64 148.97 6.43 6.00 4.23
3 4 128.18 -122.75 -163.75 -128.31 156.60 130.10 111.64 87.01 132.39 12.87 11.91 14.01
4 5 -46.03 141.10 53.95 -87.73 159.05 103.93 76.83 92.63 149.47 5.79 4.42 5.46
5 6 -177.55 64.46 109.88 171.19 -168.48 132.70 80.21 94.10 147.16 6.39 4.78 9.56
6 7 -148.08 170.21 53.00 -172.16 -153.38 94.31 109.12 100.62 142.65 5.62 6.00 6.35
NNNIIINNNN
1 2 168.10 169.24 81.12 152.04 -155.14 131.57 106.32 100.03 144.73 7.15 6.33 5.91
2 3 176.89 -128.42 65.97 147.41 -147.75 90.55 100.98 93.08 141.47 5.57 6.03 4.15
3 4 158.74 -143.53 -158.01 -133.34 150.41 136.07 119.39 96.14 120.75 13.06 12.36 15.39
4 5 -39.75 117.14 64.76 -18.30 -170.71 117.72 85.11 93.90 93.14 6.48 5.12 7.05
5 6 -177.11 73.66 114.54 -158.33 152.67 118.27 83.73 96.33 129.25 6.53 5.01 10.22
6 7 -147.17 -161.23 19.72 -167.89 -150.22 111.13 129.91 103.67 143.78 6.40 6.82 6.33
NNNIIINNINN
1 2 158.95 -170.61 79.74 122.82 -149.93 137.69 107.94 107.98 144.08 7.28 6.35 5.90
2 3 174.49 -138.91 70.93 140.55 -150.46 80.30 99.01 92.75 139.97 4.95 5.89 4.29
3 4 170.42 -138.33 -175.34 -125.74 149.09 135.95 103.74 95.48 142.70 13.57 12.00 15.19
4 5 -71.52 169.81 -27.89 -94.44 164.57 103.46 87.22 98.42 138.22 6.10 5.13 6.49
5 6 -105.98 20.52 139.56 -135.10 140.68 123.85 82.51 111.54 157.65 9.18 7.30 8.60
6 7 -120.15 -170.14 39.66 -170.26 -153.58 86.73 115.47 110.32 145.21 5.33 6.56 6.00
