NNNINNNNNNINN
1 2 158.82 -132.21 65.54 169.50 -162.31 95.74 105.17 95.88 145.89 5.78 6.18 4.62
2 3 166.46 -146.80 67.51 -168.66 -165.96 91.73 100.99 91.10 145.25 5.52 5.82 4.32
3 4 178.04 -44.05 164.14 133.58 -140.27 132.01 153.72 88.03 142.19 12.12 12.89 15.63
4 5 -102.82 -142.59 82.23 139.24 -146.92 94.03 106.12 94.98 143.11 5.72 6.27 5.37
5 6 -179.87 -144.35 69.32 146.81 -149.66 91.19 106.46 96.23 143.22 5.55 6.22 4.97
6 7 163.56 -143.02 74.34 149.36 -154.78 95.43 105.53 96.94 143.28 5.79 6.23 4.94
7 8 170.87 -150.20 73.96 162.04 -157.54 94.27 102.27 94.08 150.11 5.73 6.08 4.78
8 9 169.46 -124.89 53.11 165.62 -143.60 103.57 113.49 95.57 149.55 6.16 6.52 4.45
9 10 110.77 -123.38 81.55 160.41 -178.52 136.94 120.28 82.01 139.13 10.82 10.03 7.54
10 11 -156.00 173.45 112.38 134.68 -142.37 138.84 117.17 90.49 146.85 6.75 6.36 8.38
