NNINNNNNNIN
1 2 175.95 169.21 66.74 -168.93 -163.19 92.36 103.93 92.46 146.72 5.57 5.92 5.91
2 3 139.93 31.84 -71.35 170.61 172.15 136.17 78.81 80.62 145.11 12.28 9.37 8.00
3 4 46.79 -178.72 8.40 151.15 -155.63 136.72 131.39 89.83 146.69 6.82 6.72 7.11
4 5 104.36 -135.28 70.51 172.78 -166.36 93.17 102.84 97.22 151.32 5.65 6.12 4.72
5 6 165.58 -152.55 70.46 165.99 -160.94 93.96 101.03 96.41 143.09 5.73 6.04 4.63
6 7 165.80 -151.82 77.31 173.02 -168.02 99.10 99.83 93.91 144.91 5.96 6.00 4.75
7 8 179.55 -154.38 78.29 -146.76 155.48 98.04 105.32 81.99 129.00 5.85 6.14 5.07
8 9 111.66 -54.65 44.89 160.41 -159.23 130.45 115.58 94.03 152.74 9.10 8.53 4.55
NNINNNNNNN
1 2 167.36 -146.36 97.41 -139.65 152.04 92.26 125.86 95.46 113.32 5.51 6.70 7.21
2 3 165.45 -99.74 -19.80 170.58 160.17 70.16 107.77 101.55 142.07 6.43 8.60 4.33
3 4 105.27 174.94 8.43 126.64 -141.89 102.68 126.05 87.38 145.87 5.67 6.55 6.80
4 5 101.69 -151.01 84.54 159.15 -161.81 86.46 103.05 88.55 149.06 5.30 6.08 5.17
5 6 -174.43 -139.68 59.82 167.80 -153.33 95.64 106.21 92.61 149.53 5.66 6.07 4.46
6 7 156.91 -149.65 70.78 154.59 -154.51 105.93 104.87 93.30 149.43 6.16 6.15 4.80
7 8 168.29 -140.58 70.37 159.59 -158.62 93.33 105.06 93.66 150.89 5.61 6.17 4.73
8 9 165.36 -135.44 70.97 156.54 -154.02 92.00 104.25 94.72 144.23 5.58 6.08 4.51
