NNINNNNNN
1 2 -179.63 -108.07 62.67 -163.76 161.22 98.54 100.62 83.95 140.93 5.71 5.75 4.49
2 3 142.96 -34.97 -132.94 144.59 -148.16 107.58 82.87 81.24 142.24 10.03 8.60 9.56
3 4 -34.87 -126.88 64.14 154.57 -150.53 97.54 113.98 84.70 144.65 5.66 6.36 4.64
4 5 160.90 -132.70 70.51 150.05 -153.97 105.15 105.52 91.01 145.12 6.08 6.13 4.64
5 6 170.54 -131.03 66.03 169.67 -168.66 100.10 106.86 92.36 150.67 5.93 6.24 4.67
6 7 159.78 -129.25 68.60 156.41 -151.18 87.91 105.77 95.93 147.38 5.42 6.20 4.50
7 8 164.36 -135.14 72.29 147.70 -147.08 92.83 101.26 88.91 145.41 5.67 6.00 4.30
NNNNNNNN
1 2 174.46 -144.45 72.63 -172.17 -164.43 93.69 96.34 96.17 148.66 5.71 5.80 4.36
2 3 170.04 -11.58 -166.38 126.90 -133.60 103.93 93.54 75.61 130.30 6.09 5.53 8.24
3 4 -73.43 -113.09 73.26 150.34 -163.44 104.55 122.90 93.96 141.05 5.96 6.79 5.94
4 5 173.36 -137.69 40.05 166.08 -147.28 89.99 131.35 84.48 143.66 5.51 6.87 5.07
5 6 124.68 -120.43 79.87 132.75 -162.83 131.01 107.07 100.18 147.67 6.97 6.18 5.09
6 7 172.87 -98.07 27.42 171.36 -126.34 76.48 114.07 109.23 142.32 4.73 5.96 4.11
7 8 174.98 -162.56 59.05 144.95 -165.07 144.52 104.24 94.00 144.41 6.65 6.11 4.60
