NNNNNNNNNN
1 2 172.79 -143.14 70.86 165.68 -158.97 98.19 102.53 92.21 151.37 5.92 6.10 4.49
2 3 163.63 8.78 -172.88 151.86 -153.88 101.80 88.09 91.73 150.34 6.12 5.45 9.17
3 4 -78.20 -144.39 72.23 151.66 -154.45 95.15 107.49 99.34 151.14 5.77 6.33 5.24
4 5 163.85 -149.43 77.45 167.02 -161.48 88.47 100.27 95.05 152.70 5.48 6.03 4.65
5 6 174.11 -26.17 -69.58 -175.92 158.96 96.30 102.93 81.69 142.31 5.83 6.11 4.53
6 7 58.18 159.32 137.57 -148.35 150.34 141.05 100.50 94.79 126.47 6.82 5.56 9.05
7 8 -97.27 -93.87 -134.16 123.92 -145.22 119.17 125.28 92.69 137.15 6.34 6.52 9.47
8 9 -32.50 -134.98 65.77 155.69 -156.72 87.27 112.10 95.47 149.22 5.31 6.40 5.28
9 10 158.46 60.74 -37.42 155.07 -156.72 104.79 131.76 92.53 151.15 6.24 7.17 9.24
