NNNNNNNNNNN
1 2 175.06 -172.72 124.09 -121.25 150.33 93.24 134.69 77.84 116.94 5.60 7.00 7.63
2 3 -123.51 -73.99 -65.34 -115.05 151.82 134.12 124.22 89.06 142.22 6.62 6.41 6.19
3 4 33.33 -122.22 71.43 168.83 159.66 98.54 116.93 100.81 140.95 5.78 6.49 5.81
4 5 -168.27 -148.93 -64.60 133.05 -144.32 111.85 123.45 87.02 143.13 6.00 6.44 7.60
5 6 35.94 -112.64 61.71 164.79 -164.00 91.30 107.43 91.58 149.70 5.44 6.15 4.51
6 7 169.53 -133.79 58.90 -7.95 149.78 92.97 107.45 114.37 109.52 5.46 5.81 5.44
7 8 -147.31 -39.10 154.30 -146.17 158.44 135.14 107.99 89.02 130.14 6.77 6.09 10.80
8 9 -78.56 111.89 -144.49 149.73 -143.54 142.60 73.24 124.03 146.67 6.83 3.85 9.94
9 10 29.50 80.65 -97.77 -150.93 156.59 131.77 95.85 77.36 139.87 6.26 5.67 9.12
10 11 30.79 -34.10 60.14 143.97 -141.22 139.03 111.87 91.21 145.21 6.55 5.91 8.46
