NNNININNN
1 2 169.43 -144.97 73.47 146.40 -153.73 94.91 103.21 93.88 149.76 5.74 6.12 4.76
2 3 169.24 -135.58 70.33 160.59 -158.85 87.59 99.90 94.89 148.59 5.39 5.95 4.34
3 4 127.47 -84.49 -73.19 -168.02 157.44 131.42 163.26 93.73 137.74 9.33 10.04 9.32
4 5 2.93 -117.61 40.27 134.17 -141.78 86.01 67.83 93.86 140.90 9.63 8.44 4.43
5 6 138.80 -127.19 74.66 170.73 -162.86 91.01 101.35 89.82 153.12 5.52 5.95 4.59
6 7 172.59 -125.43 68.14 143.86 -149.13 96.30 102.41 89.74 146.52 5.75 6.04 4.32
NNNINNNN
1 2 168.86 -142.78 79.96 178.74 -177.12 95.26 103.28 100.62 153.22 5.79 6.15 5.31
2 3 -179.26 -119.16 48.01 -143.20 -175.14 84.25 98.73 121.82 156.12 5.19 5.78 4.45
3 4 97.58 -141.28 -33.67 -158.48 -167.07 125.66 123.92 87.02 143.80 9.48 9.19 5.74
4 5 61.30 -142.44 72.64 -144.35 161.83 131.50 107.59 93.97 149.38 6.78 6.30 5.03
5 6 174.07 -109.05 69.16 175.00 -150.53 84.67 93.90 92.57 151.28 5.17 5.58 4.28
6 7 168.15 -138.18 73.96 -174.14 -176.75 121.01 99.32 93.64 154.88 6.73 5.95 4.49
