NNNNNNNNNNIN
1 2 178.73 -167.58 78.78 -177.80 -177.29 110.64 99.42 95.46 154.66 6.49 6.00 5.33
2 3 -179.82 -131.02 70.43 165.70 -165.77 89.38 98.56 91.17 149.92 5.40 5.79 4.33
3 4 169.47 -136.56 68.20 -144.11 175.46 91.69 100.91 92.53 150.97 5.52 5.97 4.39
4 5 162.03 -123.23 -61.95 168.50 -166.33 102.65 123.39 95.52 145.38 6.09 6.87 7.06
5 6 37.17 -128.58 72.39 -166.14 169.54 95.75 97.42 94.37 143.36 5.76 5.84 4.38
6 7 -174.06 -122.65 55.22 -49.20 129.14 93.06 121.56 123.76 141.17 5.50 6.24 6.98
7 8 -147.19 -130.41 71.73 43.46 -165.91 134.92 112.15 98.86 113.29 6.78 6.33 7.25
8 9 -115.49 44.70 98.34 153.11 -173.58 152.22 58.99 101.91 138.01 7.04 3.66 7.61
9 10 -123.22 -83.78 48.43 148.19 -147.84 104.04 84.29 125.89 120.77 5.65 4.49 5.80
10 11 -64.54 86.98 -23.70 -175.07 -141.83 152.44 77.22 129.48 140.96 12.30 9.06 5.89
