NNNNNN
1 2 173.71 -133.69 65.45 157.24 -151.97 98.49 105.03 87.58 146.65 5.91 6.18 4.27
2 3 165.00 -125.04 72.45 -153.89 158.44 108.00 100.96 84.13 141.78 6.32 6.03 4.46
3 4 -150.80 157.15 96.31 -177.78 169.43 145.54 128.33 77.69 143.06 7.03 6.43 7.45
4 5 -131.27 131.17 37.43 -93.70 158.36 157.64 76.17 98.27 114.48 6.85 4.43 4.53
5 6 168.29 120.81 76.47 162.35 -155.21 139.84 72.12 88.92 148.61 7.14 4.39 5.38
NNNIININN
1 2 173.92 -139.72 73.05 155.58 -160.93 99.49 101.39 92.80 148.57 6.00 6.08 4.50
2 3 175.39 -134.66 64.77 -176.08 176.94 96.94 106.26 86.05 142.46 5.82 6.22 4.49
3 4 -20.28 93.22 -5.57 -179.73 170.52 162.92 78.99 87.53 138.65 14.32 10.47 6.52
4 5 -124.45 43.22 44.62 172.55 -133.44 128.96 57.55 114.52 140.82 9.45 5.59 4.04
5 6 170.77 -160.34 69.86 133.41 -140.08 127.44 105.11 95.73 141.36 6.58 6.11 4.87
