NNNNNNINN
1 2 176.24 -143.17 67.72 -178.84 -167.52 89.75 104.74 90.71 150.62 5.47 6.15 4.51
2 3 169.64 -121.07 57.29 172.82 -165.91 92.25 115.41 97.69 148.17 5.49 6.42 5.12
3 4 156.47 -119.11 -79.87 -174.73 177.51 89.16 120.72 88.91 152.31 5.43 6.71 7.40
4 5 28.02 -128.50 58.40 -137.32 162.49 93.17 106.35 91.01 144.84 5.56 6.12 4.65
5 6 159.67 -117.75 82.70 -167.74 154.34 96.81 128.04 99.56 127.62 5.77 6.77 7.11
6 7 -173.74 -149.74 28.21 133.95 -142.79 136.57 92.60 92.56 146.17 11.69 9.73 6.38
7 8 122.87 -120.22 68.85 170.61 -172.40 93.16 105.92 95.30 150.84 5.69 6.21 4.66
NNNNNNNN
1 2 176.30 -142.89 73.57 157.12 -157.20 94.73 102.27 92.79 148.88 5.76 6.08 4.64
2 3 173.02 -129.58 67.52 173.11 -164.74 98.28 100.63 91.97 151.99 5.87 5.98 4.29
3 4 170.58 -156.85 -145.41 147.94 173.02 85.61 117.57 91.63 147.42 5.14 6.42 10.11
4 5 -17.82 -68.17 45.88 135.91 -149.20 121.19 127.46 95.00 146.98 6.26 6.46 7.81
5 6 144.52 -145.77 75.42 143.57 -152.83 89.12 104.62 91.55 148.65 5.42 6.12 4.98
6 7 -179.59 -124.40 67.58 -155.89 157.51 98.01 106.43 79.11 135.67 5.81 6.19 4.61
7 8 -175.50 177.13 83.75 170.17 -156.35 142.76 77.63 88.96 148.53 7.00 4.50 4.71
