NNNNIIINN
1 2 174.25 -146.12 36.75 -177.26 -145.44 126.50 113.51 131.04 142.10 6.95 6.20 5.62
2 3 174.20 -174.58 64.09 175.83 -168.72 113.13 102.53 86.86 152.43 5.98 5.88 4.30
3 4 163.19 -165.50 67.62 -165.07 -175.25 92.94 108.08 83.12 155.06 5.55 6.11 5.08
4 5 38.31 -43.07 103.56 -160.23 -168.75 116.17 51.40 89.13 149.34 14.79 10.83 9.30
5 6 -140.00 -147.66 8.93 -154.91 -153.19 123.82 127.02 108.80 143.26 6.32 6.05 5.99
NNNNIIIINN
1 2 176.24 168.06 74.19 160.49 -156.33 134.59 108.34 104.36 141.13 7.00 6.37 5.61
2 3 168.16 -141.06 76.22 167.60 -169.73 102.39 104.06 93.02 150.27 6.15 6.21 4.61
3 4 171.50 -157.20 79.91 -176.64 -175.73 97.63 100.24 90.67 153.09 5.92 5.99 5.00
4 5 38.32 -49.78 109.57 -145.99 161.11 134.72 33.49 84.97 156.99 14.53 8.59 8.12
5 6 -156.83 -153.19 38.77 -165.70 -152.01 99.35 117.85 108.35 150.02 5.89 6.61 6.08
NNNNIIIIIINN
1 2 179.52 177.32 71.42 152.43 -160.12 120.50 105.77 121.73 154.53 6.69 6.11 6.51
2 3 173.80 -143.23 66.53 -174.57 -169.38 82.04 97.65 90.02 145.67 5.00 5.76 4.38
3 4 -168.38 -84.24 39.90 -130.78 -172.98 103.99 100.03 123.94 148.22 5.70 5.20 5.62
4 5 -52.88 39.53 63.29 -168.43 -165.25 85.80 55.14 94.20 151.36 16.62 14.67 13.43
5 6 -160.45 -173.96 27.24 178.17 -144.76 131.40 117.46 130.65 155.76 6.28 5.73 6.82
