NNNNNN
1 2 176.44 -109.45 67.83 -178.01 -161.41 104.32 94.33 90.11 147.27 5.99 5.51 4.16
2 3 171.79 -135.89 65.30 6.17 -165.91 121.30 107.06 97.03 95.99 6.66 6.26 4.98
3 4 -165.88 165.57 108.60 -159.88 156.73 119.33 104.81 81.52 141.24 6.37 5.80 7.45
4 5 -132.97 65.66 35.32 -143.03 156.02 134.22 75.47 102.63 120.33 6.82 4.57 7.53
5 6 137.15 -160.11 52.48 -175.48 -148.26 115.73 94.55 114.33 142.98 6.65 5.56 4.13
NNNNNIN
1 2 172.48 -149.13 64.58 156.22 -154.96 118.98 98.97 90.46 144.37 6.66 5.87 4.04
2 3 173.18 -138.75 60.35 -157.27 -179.80 97.45 112.33 87.37 144.21 5.66 5.87 4.63
3 4 -125.21 102.77 121.34 -147.83 146.75 167.14 133.94 85.51 129.06 7.20 7.00 8.54
4 5 -129.73 90.18 38.49 -136.70 152.18 150.56 76.12 92.63 121.88 6.56 4.33 6.74
5 6 105.57 -140.12 103.22 117.21 -144.30 112.04 44.14 126.97 140.47 10.46 6.15 4.18
NNINNNIN
1 2 177.61 -141.24 74.50 149.77 -146.22 103.33 107.11 90.95 146.05 5.98 6.15 4.73
2 3 -156.47 -157.20 71.27 55.93 -150.91 140.62 70.81 99.89 126.10 10.52 6.93 6.31
3 4 178.92 -137.73 82.33 172.31 166.82 104.75 127.02 88.86 142.93 6.02 7.00 6.91
4 5 -156.17 89.97 -8.70 -78.66 159.36 118.76 71.39 119.52 137.85 6.52 4.40 7.52
5 6 58.49 -104.93 140.90 124.59 -145.26 157.17 56.12 109.24 151.92 11.77 6.72 6.02
