NNNNNNNNNNN
1 2 168.96 -147.90 79.79 161.15 -158.13 82.54 101.47 92.92 142.03 5.10 5.97 4.63
2 3 174.05 -159.64 -8.13 -174.86 -156.72 94.95 127.39 160.42 147.48 5.72 6.50 9.09
3 4 117.93 161.04 69.26 168.36 -166.31 95.12 99.94 106.81 144.16 5.38 6.04 4.81
4 5 177.35 -28.66 -63.59 173.62 167.88 99.67 94.99 80.12 141.05 5.97 5.66 4.47
5 6 63.78 120.52 34.83 -79.55 140.53 144.05 85.94 91.31 127.73 6.69 4.76 5.69
6 7 -157.55 -80.09 -89.61 162.38 -160.56 140.93 108.50 91.14 148.87 6.77 5.94 7.58
7 8 6.70 -137.88 70.83 172.77 -169.12 93.51 103.35 86.34 155.19 5.69 6.13 4.41
8 9 165.31 -127.57 104.82 -164.95 149.04 94.41 130.21 111.63 130.36 5.76 6.94 8.17
9 10 -126.64 -104.02 46.19 -157.91 -171.26 96.93 123.11 83.91 150.82 5.27 6.17 6.14
10 11 143.19 -134.71 74.19 -174.95 -178.27 110.87 105.12 95.88 154.68 6.13 6.08 5.01
