NNINNNNNNN
1 2 167.71 -139.05 82.33 151.55 -161.24 95.31 111.27 100.12 156.40 5.63 6.24 5.88
2 3 174.51 -12.76 -168.84 109.68 -129.87 47.15 152.85 88.17 132.32 6.19 11.77 13.79
3 4 -63.24 -132.55 68.13 136.48 -146.31 87.68 115.65 92.76 141.66 5.22 6.34 5.55
4 5 161.31 -137.50 74.36 151.14 -156.70 87.11 108.79 96.39 145.06 5.34 6.30 5.06
5 6 166.34 -147.45 67.81 156.15 -145.94 95.83 108.48 93.20 139.60 5.79 6.25 4.56
6 7 172.00 -137.43 65.31 166.39 -154.65 102.46 105.50 90.79 143.52 5.73 5.90 4.43
7 8 163.74 -134.34 74.18 179.17 -169.62 102.13 99.89 88.83 152.86 5.90 5.83 4.34
8 9 169.84 -146.62 74.76 -165.99 167.50 100.77 105.20 93.32 151.18 6.01 6.26 5.10
NNNNNNNNN
1 2 171.92 -155.51 86.79 -170.62 151.00 87.83 151.35 103.23 147.96 5.27 7.06 8.27
2 3 -159.86 -86.41 -69.80 153.85 -149.48 103.04 124.48 92.23 148.89 5.65 6.66 6.43
3 4 30.86 -138.35 69.75 168.64 -171.69 100.39 107.02 107.38 163.93 5.90 6.18 5.45
4 5 167.15 -154.78 68.92 152.67 -159.44 90.95 102.49 97.89 152.13 5.61 6.15 4.84
5 6 162.39 -153.72 77.17 158.37 -165.38 90.51 101.72 98.25 155.30 5.56 6.03 4.97
6 7 170.14 -147.44 59.82 146.87 -136.36 91.62 109.54 97.80 144.81 5.61 6.41 4.71
7 8 163.89 -141.86 68.70 155.35 -150.50 104.46 104.35 96.47 148.61 5.90 5.89 4.66
8 9 164.16 -143.15 74.77 158.62 -158.26 96.81 101.47 96.66 147.39 5.78 6.00 4.64
