NNINNNNN
1 2 168.02 -138.02 72.61 177.00 -168.91 82.13 103.40 93.38 148.85 5.08 6.10 4.64
2 3 121.77 -149.67 -39.62 127.03 -138.77 61.00 174.69 89.02 141.01 4.90 9.23 8.01
3 4 59.43 -112.84 67.61 147.42 -155.87 81.60 104.99 87.09 153.50 5.00 6.15 4.52
4 5 163.18 -162.13 23.46 -113.93 154.75 98.16 108.70 108.21 110.63 5.95 6.37 5.97
5 6 151.73 -129.05 59.94 156.81 -154.22 106.66 125.06 94.90 143.36 5.99 6.63 6.90
6 7 155.38 -112.49 64.48 153.44 -150.67 95.61 98.96 91.72 149.29 5.80 5.97 4.09
NNNNNNN
1 2 174.59 -124.02 64.75 178.06 -170.18 94.63 107.06 92.21 149.26 5.70 6.24 4.50
2 3 164.80 -109.80 -72.01 141.67 -156.38 86.86 124.71 91.95 143.87 5.31 6.81 7.24
3 4 28.64 -133.12 68.52 -174.02 177.61 92.60 102.74 91.03 151.03 5.59 6.04 4.52
4 5 172.63 -159.07 7.86 52.28 -156.04 109.52 111.02 102.08 104.87 6.39 6.47 5.74
5 6 114.42 -129.03 86.89 136.76 -141.04 91.72 100.51 86.02 138.27 5.56 5.94 5.61
6 7 -171.14 -108.14 57.48 153.87 -154.92 98.30 106.25 87.08 150.88 5.77 6.10 4.23
