NNNNINNIN
1 2 -177.96 -147.90 67.60 -159.77 161.28 93.21 102.73 97.67 137.47 5.67 6.11 4.86
2 3 -162.96 -119.09 -124.04 152.61 -163.84 118.68 130.12 92.45 147.20 6.32 6.62 9.74
3 4 -21.09 -124.75 64.12 -175.28 164.15 88.58 107.33 102.38 137.55 5.37 6.21 5.16
4 5 -138.58 -62.58 58.63 160.41 170.31 71.62 125.18 87.38 142.54 7.22 10.08 12.13
5 6 176.08 119.66 9.90 48.71 -160.66 115.89 71.27 104.69 96.50 6.15 4.33 6.14
6 7 58.37 -92.07 63.38 122.38 -144.99 147.25 77.99 86.74 144.74 11.39 8.02 4.03
NNNNINNIIN
1 2 176.21 -150.96 71.37 -153.08 157.28 93.16 105.87 91.58 135.68 5.65 6.20 4.94
2 3 -163.54 -107.89 -131.05 150.54 -159.48 124.49 125.92 95.69 148.21 6.58 6.61 9.79
3 4 -28.82 -128.99 68.76 -160.80 156.14 88.30 108.26 98.39 137.30 5.37 6.28 5.27
4 5 -126.45 -52.42 57.12 161.24 168.20 80.45 113.42 99.97 145.17 7.49 9.33 11.87
5 6 177.24 123.89 0.58 64.41 -167.14 111.12 73.95 109.05 87.35 6.20 4.51 6.37
6 7 -33.41 50.64 51.62 149.62 -159.43 157.30 62.73 135.36 145.44 12.81 8.12 4.28
