NNNNNNNNNNNNNNNNNNNN
1 2 167.91 -134.21 -104.07 -157.17 -159.18 99.23 118.21 84.84 151.50 5.78 6.18 8.04
2 3 4.65 -115.74 56.01 -159.66 164.60 134.93 103.69 100.21 151.15 6.67 5.91 4.65
3 4 178.20 12.12 -54.65 167.34 -138.49 100.70 115.41 132.70 138.76 5.35 5.60 9.35
4 5 88.01 164.11 72.05 144.25 -155.07 112.62 109.57 93.58 147.54 5.93 6.13 5.39
5 6 169.21 -141.29 71.50 168.62 -168.12 92.99 101.41 95.74 150.48 5.56 5.98 4.58
6 7 167.05 -146.18 69.16 167.57 -160.03 100.86 99.96 95.69 149.08 6.04 6.00 4.36
7 8 166.66 -137.26 69.33 -176.27 -171.21 102.75 102.82 96.66 150.35 6.06 6.02 4.49
8 9 175.07 -164.95 -117.99 111.79 -141.68 91.65 135.33 94.31 156.68 5.45 6.85 10.30
9 10 -23.40 -121.22 64.08 160.57 -163.41 79.46 103.78 95.59 148.23 4.90 6.21 4.48
10 11 164.57 -134.69 61.37 161.44 -158.03 96.41 102.35 98.16 146.54 5.78 6.01 4.33
11 12 161.04 -141.97 72.86 176.12 -174.75 94.98 99.67 96.83 150.79 5.71 5.85 4.58
12 13 165.72 -140.74 63.36 158.67 -134.44 87.19 104.37 87.54 146.78 5.36 6.16 4.03
13 14 -179.49 -140.76 56.54 -164.04 -170.77 120.90 116.79 87.60 149.57 6.37 6.19 5.21
14 15 -158.52 117.43 92.11 109.00 -151.77 146.36 87.75 139.33 147.26 6.64 4.61 8.19
15 16 170.53 -160.67 40.52 155.62 -137.98 63.91 112.63 91.15 139.17 3.92 6.36 4.16
16 17 144.81 -137.45 69.35 159.18 -158.96 115.17 109.18 93.08 152.62 6.22 6.12 4.99
17 18 164.69 -123.88 71.52 170.04 -174.25 89.59 102.09 89.94 152.41 5.51 6.08 4.43
18 19 175.08 -138.83 56.47 -146.77 177.39 86.04 117.06 82.56 156.62 5.24 6.53 4.90
19 20 175.85 174.15 39.35 -168.73 -164.21 110.69 118.52 119.48 144.87 5.85 5.97 8.08
