NNINNINNNNNINNNINNNNNN
1 2 162.04 -153.17 78.62 -150.77 157.46 86.64 101.35 90.16 132.29 5.37 6.07 5.01
2 3 147.80 8.28 -90.34 150.01 -154.50 121.88 78.33 87.55 144.09 11.07 8.56 7.49
3 4 10.84 -130.97 71.67 -167.31 161.57 107.86 107.23 93.49 130.35 6.23 6.29 5.17
4 5 -57.25 140.97 -69.79 142.52 -151.29 111.16 98.38 85.85 140.97 8.54 7.81 7.92
5 6 23.52 179.15 87.57 161.05 -152.78 99.83 106.00 89.40 145.77 5.88 6.20 6.44
6 7 -160.81 -133.70 59.92 -163.17 160.12 133.26 117.19 89.07 137.01 6.85 6.39 5.11
7 8 163.11 -106.11 70.30 -136.39 150.78 129.04 118.92 99.59 117.07 6.99 6.66 6.37
8 9 -148.82 117.07 48.57 -34.93 155.20 133.18 79.44 127.62 109.60 6.36 4.13 6.42
9 10 -59.08 -166.78 -74.64 166.13 -175.80 127.43 89.52 85.46 135.07 10.90 9.29 7.15
10 11 29.55 -125.35 59.01 -165.87 160.16 118.65 105.85 100.84 125.94 6.71 6.25 4.91
11 12 168.54 113.28 -139.74 161.77 174.68 118.16 83.85 97.92 150.66 6.66 5.15 10.82
12 13 57.06 33.38 -85.72 -153.36 -160.38 114.87 108.72 109.62 146.14 9.87 9.46 13.86
13 14 33.20 177.15 65.49 -175.49 -162.56 129.60 109.77 91.87 149.34 6.79 6.29 4.98
14 15 167.95 -8.92 -72.92 177.85 167.98 108.74 93.94 83.45 141.23 6.20 5.55 4.91
15 16 50.69 -143.60 -161.56 172.52 158.53 135.07 113.08 122.24 145.39 6.78 6.08 10.35
16 17 -44.89 50.26 128.78 -171.15 159.21 113.32 101.42 91.23 137.53 6.44 5.99 10.39
17 18 -133.75 105.79 71.99 128.88 -146.23 117.91 84.61 85.69 137.53 6.65 5.20 7.62
