NINNNINNNNNN
1 2 136.67 168.76 99.66 -167.59 166.39 64.69 75.88 92.48 134.36 7.17 7.92 7.85
2 3 -138.00 -40.50 -163.66 -162.69 159.85 126.27 120.05 87.66 139.31 6.55 6.37 9.96
3 4 -63.03 164.04 77.67 -176.96 154.50 125.27 112.75 82.85 146.30 6.88 6.46 6.63
4 5 -103.21 21.65 -123.72 159.99 -155.03 134.65 78.44 93.96 147.59 11.42 8.47 14.15
5 6 -22.77 -151.40 70.65 4.35 -171.36 107.26 106.82 97.71 95.54 6.21 6.22 5.25
6 7 -161.96 -97.94 109.42 -162.56 -155.90 123.40 113.53 145.74 142.60 6.55 5.85 9.02
7 8 -106.17 172.00 58.50 173.97 -167.82 103.85 104.03 89.62 154.42 5.62 5.95 4.17
8 9 157.68 -112.13 66.62 175.75 -155.12 91.69 96.61 95.01 143.60 5.50 5.65 4.10
9 10 165.78 -138.69 68.75 154.55 -157.44 121.22 104.36 91.33 146.32 6.72 6.13 4.39
