NNNNINN
1 2 168.09 -126.28 67.14 -179.00 -171.40 92.70 102.81 92.05 150.42 5.60 6.04 4.35
2 3 167.95 168.71 0.52 -18.85 175.12 95.61 94.38 116.76 95.58 5.77 5.71 7.27
3 4 112.71 -89.84 96.22 156.42 165.50 82.70 112.14 86.48 138.78 5.15 6.31 8.59
4 5 -87.52 14.82 23.13 151.28 -153.05 166.48 74.71 89.46 144.40 11.49 7.78 7.97
5 6 122.59 -114.49 57.30 149.67 -145.67 99.53 102.76 90.11 144.56 5.91 6.06 3.98
NNIINNINN
1 2 173.85 -126.35 49.58 -163.82 -176.66 101.81 121.69 102.58 151.72 5.99 6.64 5.14
2 3 6.87 69.49 -20.20 161.48 177.46 156.18 31.77 94.29 150.71 15.82 9.16 6.31
3 4 101.81 125.46 108.58 -169.96 158.59 116.85 91.35 91.46 146.94 6.46 5.39 8.55
4 5 -58.21 100.48 8.90 -102.55 -161.83 129.29 44.23 148.65 152.81 10.99 6.31 5.75
5 6 -163.59 146.13 53.25 173.44 -146.56 101.44 95.04 105.31 139.65 5.18 5.22 3.76
