NNNNNNNNNN
1 2 174.49 -145.10 43.38 41.44 174.34 90.55 114.43 115.34 76.38 5.58 6.60 5.48
2 3 156.76 -149.70 69.28 150.84 -160.34 118.56 110.01 101.30 147.79 6.65 6.31 5.21
3 4 161.56 -148.15 75.56 151.26 -152.55 79.87 99.83 92.90 146.23 4.99 5.97 4.50
4 5 177.72 -96.69 -108.37 23.75 158.02 84.30 110.97 95.13 87.70 5.10 5.94 7.58
5 6 1.72 -102.37 51.16 172.45 -167.55 139.05 98.79 95.48 148.18 6.89 5.89 4.35
6 7 148.07 -141.93 66.40 -174.60 -171.48 97.25 108.04 91.73 153.47 5.88 6.34 4.69
7 8 165.46 -111.34 78.81 167.48 -153.17 92.73 88.78 83.54 151.43 5.60 5.34 4.23
8 9 171.36 -137.45 78.02 153.21 -158.48 116.49 98.03 95.68 147.83 6.59 5.92 4.75
9 10 178.99 -148.00 52.04 -177.65 -149.99 93.65 111.73 91.61 146.14 5.65 6.11 4.40
