NNNNIIINN
1 2 165.02 -137.54 63.74 162.52 -159.89 116.15 105.98 96.20 150.34 6.42 6.08 4.69
2 3 163.54 -136.65 67.75 10.89 179.06 95.43 100.18 97.81 91.25 5.75 5.94 4.45
3 4 171.00 -138.16 79.71 -159.64 159.64 93.21 104.75 83.13 141.29 5.59 6.08 5.08
4 5 -14.20 -45.28 44.39 160.08 -152.00 105.95 72.80 84.87 148.00 13.91 11.78 10.53
5 6 144.51 -131.38 66.78 171.91 -165.27 104.45 103.57 94.06 154.32 5.88 6.02 4.59
NNNNINN
1 2 163.81 -143.51 74.33 154.03 -150.79 92.80 99.12 92.77 142.51 5.69 6.00 4.26
2 3 172.16 -143.58 72.77 6.05 172.94 97.21 101.95 97.26 88.93 5.81 6.01 4.83
3 4 174.15 -135.35 78.21 -149.59 155.60 94.70 100.41 77.62 137.13 5.68 5.88 4.52
4 5 -42.60 32.60 -11.87 131.42 -177.08 109.76 152.56 83.86 142.57 6.75 8.03 8.95
5 6 91.98 -135.14 93.68 -164.44 -160.29 127.17 96.92 87.29 144.57 6.85 5.52 5.47
NNNNNN
1 2 160.86 -159.01 70.25 161.14 -159.44 125.60 101.91 87.74 148.24 6.88 6.02 4.30
2 3 176.90 -129.34 66.08 -166.67 162.54 112.33 101.62 83.27 134.80 6.39 5.92 4.36
3 4 164.65 -170.76 90.87 -157.47 152.25 134.56 98.81 95.52 133.73 7.07 5.84 6.27
4 5 -144.17 90.26 -3.75 -145.90 -168.65 125.88 73.53 118.92 154.52 6.63 4.50 7.71
5 6 115.23 -142.53 59.07 178.75 -145.51 122.91 99.76 112.39 141.08 6.88 5.91 4.45
