NNNNNIINNNNNNNNN
1 2 172.44 -146.28 70.19 169.00 -167.21 95.03 103.02 97.33 147.45 5.73 6.08 4.79
2 3 164.53 -131.17 55.40 178.30 -147.42 94.99 105.36 110.15 149.14 5.78 6.18 4.54
3 4 170.54 164.14 81.49 147.16 -152.28 125.46 109.71 93.97 147.58 6.83 6.35 6.10
4 5 177.45 -135.63 70.69 174.08 -166.24 88.00 101.12 100.05 147.00 5.38 5.99 4.62
5 6 127.01 12.50 -172.73 93.68 -133.07 45.59 138.43 77.38 145.63 10.92 16.07 16.75
6 7 -74.38 -80.63 52.81 173.39 -146.70 73.95 103.22 109.20 147.21 4.46 6.12 4.59
7 8 166.69 -163.04 68.89 161.71 -158.37 117.09 110.48 93.03 152.62 6.51 6.29 5.12
8 9 162.31 -147.21 77.38 153.61 -157.25 95.72 104.23 97.35 148.40 5.80 6.17 5.09
9 10 172.65 -149.07 72.66 159.17 -156.56 92.01 102.70 93.80 149.30 5.63 6.11 4.69
10 11 169.72 -150.13 71.23 164.60 -161.75 93.68 107.56 95.55 149.90 5.66 6.24 5.14
11 12 165.56 -144.39 71.17 160.66 -154.65 92.86 100.75 95.10 149.73 5.65 6.02 4.45
12 13 162.95 -140.52 75.44 140.29 -149.69 96.55 106.35 95.68 143.68 5.84 6.27 4.86
13 14 169.21 -142.57 76.36 141.21 -151.92 88.40 104.83 97.79 143.43 5.45 6.19 5.04
