NIINNNNNNNNN
1 2 -158.10 -14.82 -83.36 172.75 164.88 82.21 109.55 97.51 138.16 12.86 14.56 16.41
2 3 39.88 168.41 50.89 144.76 -156.31 117.91 135.12 91.21 148.61 6.25 6.64 7.09
3 4 145.83 -143.65 71.82 151.29 -151.82 84.80 104.47 92.66 150.15 5.14 6.16 4.73
4 5 166.21 -136.73 71.32 167.82 -159.09 92.01 102.13 100.91 147.94 5.63 6.09 4.76
5 6 167.33 -162.83 80.10 152.13 -157.35 102.43 99.88 97.07 147.74 6.14 6.03 5.12
6 7 177.43 -150.86 70.39 156.04 -156.23 92.73 103.54 97.34 146.27 5.64 6.11 4.89
7 8 166.18 -152.36 75.49 154.24 -156.13 97.27 101.81 97.34 148.39 5.85 6.06 4.92
8 9 172.58 -151.83 69.83 168.66 -160.51 93.37 104.37 93.73 151.88 5.67 6.14 4.78
9 10 163.55 -143.57 71.20 151.50 -147.77 93.61 101.61 93.62 140.55 5.67 6.04 4.42
NINNNNNNNNN
1 2 -133.50 -76.49 -141.42 -137.97 -150.31 75.40 124.24 165.80 146.86 8.67 10.88 16.83
2 3 49.23 -108.65 -54.35 -131.18 -166.84 101.19 110.14 108.40 156.77 5.42 6.11 5.65
3 4 74.02 158.54 82.39 -169.49 175.10 145.84 113.57 72.24 149.76 7.09 6.46 5.08
4 5 163.53 -129.16 79.93 155.41 -163.61 84.74 97.19 95.10 153.44 5.35 6.00 4.19
5 6 -164.82 -135.38 62.47 -171.38 174.01 78.06 95.51 93.53 151.25 4.58 5.26 4.23
6 7 168.53 -147.39 48.38 -145.28 -167.08 69.30 115.19 83.43 150.07 4.15 5.88 4.31
7 8 142.93 -126.67 85.52 157.73 -168.18 141.77 110.71 100.74 152.81 6.86 6.39 6.08
8 9 -161.81 -124.20 65.37 -106.56 161.07 65.71 112.24 91.08 129.05 3.96 5.46 5.01
9 10 -72.72 158.74 -17.82 -114.45 -170.78 153.24 105.31 121.58 146.22 6.55 5.46 4.23
