NNINNNNN
1 2 175.54 -131.89 63.64 -163.62 156.44 101.68 120.88 93.01 136.71 5.84 6.62 5.76
2 3 129.34 -138.02 -26.22 -156.96 152.69 83.25 97.41 103.65 130.04 7.47 8.30 5.43
3 4 81.91 159.14 70.99 140.49 -147.57 108.26 106.32 89.36 146.62 6.27 6.17 6.19
4 5 169.91 -116.78 64.83 157.44 -155.89 93.29 100.48 93.53 148.16 5.58 5.93 4.20
5 6 161.24 -140.99 71.98 162.03 -162.69 102.52 101.24 90.17 149.22 6.09 6.04 4.39
6 7 174.02 -129.29 58.84 -177.43 -168.26 95.63 106.34 91.89 153.67 5.70 6.15 4.39
NNINNNINN
1 2 172.81 -146.56 72.78 173.62 -165.36 86.65 98.04 95.61 147.45 5.28 5.84 4.51
2 3 156.74 -80.09 -84.68 -126.95 157.27 85.70 103.21 91.14 148.63 8.91 9.95 8.94
3 4 8.18 -176.43 75.82 160.54 -160.61 109.77 97.58 94.11 146.01 6.37 5.87 5.40
4 5 -178.26 -124.84 71.77 -143.99 147.95 98.10 104.26 78.64 141.37 5.69 5.85 4.59
5 6 123.50 -88.90 40.31 138.85 -156.84 129.58 103.08 89.38 144.17 10.38 9.22 5.00
6 7 138.06 -127.41 64.51 163.75 -157.44 91.36 105.58 92.20 150.76 5.54 6.22 4.47
NNNNNNN
1 2 161.58 -96.00 48.73 177.11 -173.64 90.94 105.92 102.51 150.54 5.61 6.28 4.62
2 3 143.39 -127.83 -99.00 137.22 -146.39 85.40 129.05 91.06 145.35 5.29 7.00 8.60
3 4 0.84 -123.90 62.58 148.68 -154.13 99.44 107.24 96.21 149.97 5.91 6.27 4.70
4 5 158.40 -138.15 72.96 150.05 -152.90 89.46 102.70 93.92 148.13 5.48 6.08 4.62
5 6 170.31 -137.02 66.74 162.19 -154.38 93.21 104.02 90.24 148.20 5.63 6.09 4.31
6 7 165.19 -126.84 64.42 164.17 -155.54 100.47 102.68 91.17 151.81 5.94 6.03 4.19
