NNNNNNIN
1 2 168.77 -144.50 73.07 158.81 -158.36 98.83 103.16 96.47 140.80 5.91 6.07 4.83
2 3 172.94 -137.27 65.68 163.51 -160.71 107.66 105.51 93.84 148.56 6.28 6.19 4.52
3 4 164.70 -119.16 -70.38 143.63 -150.85 94.32 120.58 91.50 145.02 5.67 6.73 7.15
4 5 32.64 -131.59 62.17 168.00 -167.75 91.35 107.04 91.56 147.47 5.49 6.12 4.59
5 6 163.18 -151.59 67.10 -165.59 -175.37 100.46 103.59 94.99 148.94 5.90 6.03 4.87
6 7 106.93 -31.57 41.64 120.35 -139.28 127.93 97.26 91.11 147.96 10.01 8.56 4.84
NNNNNNN
1 2 145.07 -177.69 81.32 148.16 -139.17 105.79 93.12 91.99 138.17 6.23 5.66 5.18
2 3 -178.52 -142.77 73.69 155.10 -157.43 102.29 112.10 95.56 151.74 5.81 6.23 5.37
3 4 174.04 -100.96 -84.17 169.98 -166.21 87.11 122.73 81.72 150.77 5.29 6.62 6.95
4 5 16.24 -129.32 61.95 165.51 -164.03 93.66 106.20 88.49 155.21 5.49 6.15 4.40
5 6 162.75 -136.62 63.67 -177.95 -177.09 98.08 103.93 98.13 148.20 5.87 6.12 4.76
6 7 169.67 -86.30 87.23 171.63 -143.48 89.48 119.77 100.74 145.73 5.39 6.59 7.84
