NNNNNINNNNNN
1 2 168.84 -141.81 65.95 155.99 -149.71 92.90 102.49 91.14 142.18 5.62 6.01 4.23
2 3 161.47 -137.80 74.13 156.45 -152.93 98.92 104.13 93.66 151.51 5.90 6.15 4.79
3 4 173.19 -154.68 103.39 160.45 167.95 95.67 121.65 95.24 140.14 5.76 6.67 7.37
4 5 -131.31 107.92 42.69 -92.01 143.62 113.62 70.72 87.93 132.37 5.99 4.21 5.36
5 6 143.67 -131.46 114.73 168.81 -157.08 131.28 93.15 87.59 145.42 12.09 10.11 11.45
6 7 -148.28 -140.06 70.81 -167.32 -178.46 105.01 106.91 91.65 153.89 6.01 6.21 4.83
7 8 177.80 104.99 -133.23 128.33 -144.08 96.58 89.69 91.67 149.08 5.67 5.29 10.43
8 9 -8.72 -157.53 40.21 177.68 -150.72 101.75 104.01 117.26 149.86 5.41 5.57 5.96
9 10 158.52 -155.12 54.55 167.85 -153.50 105.96 107.28 88.80 151.86 5.98 5.97 4.17
10 11 149.10 178.38 -123.07 174.46 -146.92 102.44 126.33 100.71 144.19 5.98 6.79 10.49
