NNNINNNNNNINN
1 2 174.85 -152.92 72.67 170.57 -164.07 95.52 101.69 94.67 152.10 5.78 6.02 4.83
2 3 167.36 -124.90 55.20 179.90 -149.54 100.07 103.91 116.14 149.32 5.98 6.15 4.71
3 4 -145.88 -38.42 -93.83 135.07 -148.39 105.18 114.53 93.00 137.95 10.72 11.22 14.09
4 5 2.58 -147.56 73.79 144.13 -152.47 94.27 112.79 93.96 147.33 5.71 6.51 5.50
5 6 166.92 -144.20 70.29 159.30 -156.91 91.51 109.28 97.29 144.66 5.61 6.38 5.06
6 7 164.20 -142.26 74.37 164.87 -158.35 92.28 101.56 97.11 146.93 5.63 6.04 4.63
7 8 168.48 -143.28 73.08 175.32 -168.12 96.94 102.44 94.69 145.95 5.84 6.07 4.54
8 9 168.45 179.53 80.38 173.79 -168.98 105.72 103.91 91.07 149.76 6.27 6.17 5.85
9 10 143.05 -85.28 32.10 129.36 -140.95 122.42 100.66 91.79 140.19 10.65 9.59 5.07
10 11 128.49 -130.25 72.61 149.97 -153.00 89.27 108.37 96.50 148.35 5.45 6.27 5.08
