NNNNIN
1 2 -169.78 -125.32 51.97 -153.54 155.79 122.83 102.93 89.56 130.09 6.54 5.89 4.70
2 3 164.55 -157.83 59.93 -114.82 153.78 122.72 104.99 106.91 139.20 6.68 5.92 5.47
3 4 -128.43 77.74 15.54 46.48 -148.63 140.79 111.48 93.03 98.66 7.03 6.15 7.24
4 5 90.18 -118.56 80.71 -176.59 -150.90 114.76 50.61 124.13 144.87 10.96 7.09 4.36
NNNNN
1 2 169.27 -135.15 55.94 -164.96 -158.89 87.04 104.02 75.66 158.78 5.12 5.64 3.64
2 3 139.13 -126.86 68.75 128.37 -135.97 128.06 93.95 85.00 129.60 6.75 5.68 3.60
3 4 157.08 -156.23 81.75 98.79 -166.94 138.36 122.59 87.62 141.12 7.31 6.68 5.98
4 5 153.91 177.93 57.33 -124.63 171.44 136.80 61.79 97.39 154.32 6.41 3.70 4.12
