NNNNNN
1 2 165.39 -141.92 -7.86 178.74 -144.13 96.15 130.02 103.94 150.08 5.81 6.93 6.43
2 3 103.56 161.28 65.70 -14.54 171.47 127.23 114.94 104.10 89.49 6.78 6.53 6.82
3 4 159.27 -27.61 29.72 -75.54 158.75 83.37 109.39 132.26 147.83 5.22 5.98 8.08
4 5 -157.39 116.82 -21.63 131.26 -140.78 91.24 113.37 81.54 129.47 4.62 5.49 6.10
5 6 89.41 -123.37 80.48 -174.95 -156.34 120.86 98.84 83.59 150.16 6.15 5.43 5.15
NNINNNN
1 2 171.81 -144.87 86.30 -114.86 158.96 88.39 98.08 93.81 151.39 5.48 5.92 5.04
2 3 144.40 -103.23 -72.47 -140.64 178.30 119.72 96.35 89.36 151.14 10.60 9.02 7.40
3 4 132.73 -161.25 89.80 -21.19 163.96 145.35 98.08 124.49 81.98 6.33 5.38 8.63
4 5 -96.44 123.03 -24.11 47.34 -151.68 103.76 101.10 128.40 139.33 5.34 5.10 7.21
5 6 97.39 -131.51 59.72 -69.13 152.82 81.96 111.56 120.76 127.13 4.51 5.29 6.35
