NNNNNNNNNNNNN
1 2 -121.72 -65.85 34.23 166.14 172.20 112.28 134.44 92.30 145.40 5.88 6.73 7.40
2 3 148.45 -65.74 -84.93 157.97 -150.60 117.37 130.26 86.36 150.49 6.50 6.86 7.18
3 4 7.06 -137.11 75.12 161.59 -153.49 99.35 101.94 93.94 147.98 5.90 6.06 4.59
4 5 172.44 -134.10 68.09 158.38 -156.53 102.19 106.23 98.79 146.55 6.05 6.25 4.83
5 6 162.05 -165.24 73.73 153.99 -158.54 95.96 111.44 93.59 151.78 5.87 6.55 5.57
6 7 170.51 -125.99 68.77 -171.47 173.05 88.88 102.46 98.06 132.76 5.48 6.08 4.59
7 8 174.25 -97.97 27.48 -124.62 155.98 126.05 130.19 120.54 130.28 7.00 6.94 6.65
8 9 -140.04 84.91 41.24 110.05 -167.77 127.66 66.67 121.20 107.55 6.47 3.87 3.95
9 10 -135.90 -49.13 -128.43 155.52 -148.42 135.19 95.84 86.81 148.44 6.96 5.84 9.30
10 11 -37.11 -153.38 84.57 165.06 -159.62 103.22 96.78 85.48 151.34 6.15 5.88 4.79
11 12 -176.61 -123.28 61.71 157.01 -153.69 100.79 104.01 87.80 148.20 5.95 6.07 4.10
12 13 154.91 -128.43 73.27 157.92 -156.83 96.45 104.01 95.46 148.16 5.78 6.14 4.66
