cWW_UU 1.32 1.01 0.87 0.89 1.07 0.74 0.61 0.57 0.94 0.60 0.48 0.43 1.06 0.72 0.63 0.48
cWW_CA 1.47 1.15 0.81 0.85 1.20 0.87 0.56 0.54 1.06 0.73 0.44 0.40 1.15 0.83 0.61 0.48
cWW_UG 1.49 1.17 0.84 0.85 1.21 0.88 0.59 0.54 1.07 0.75 0.47 0.40 1.14 0.82 0.63 0.47
cWW_UA 1.46 1.18 0.83 0.93 1.18 0.87 0.53 0.60 1.04 0.74 0.39 0.47 1.08 0.76 0.47 0.42
cWW_AU 1.46 1.18 1.04 1.08 1.18 0.87 0.74 0.76 0.83 0.53 0.39 0.47 0.93 0.60 0.47 0.42
cWW_GC 1.53 1.22 1.08 1.10 1.23 0.90 0.76 0.77 0.88 0.56 0.42 0.49 0.95 0.61 0.48 0.43
cWW_CG 1.53 1.23 0.88 0.95 1.22 0.90 0.56 0.61 1.08 0.76 0.42 0.48 1.10 0.77 0.49 0.43
cWW_GU 1.49 1.21 1.07 1.14 1.17 0.88 0.75 0.82 0.84 0.59 0.47 0.63 0.85 0.54 0.40 0.47
cWW_AC 1.47 1.20 1.06 1.15 1.15 0.87 0.73 0.83 0.81 0.56 0.44 0.61 0.85 0.54 0.40 0.48
cWW_CC 1.23 1.02 0.91 1.06 0.93 0.71 0.59 0.74 0.79 0.57 0.46 0.64 0.84 0.55 0.41 0.51
cWW_UC 1.58 1.26 1.12 1.07 1.24 0.92 0.79 0.74 1.12 0.80 0.67 0.64 1.04 0.71 0.59 0.49
cWW_CU 1.58 1.24 1.12 1.04 1.26 0.92 0.80 0.71 1.12 0.79 0.67 0.59 1.07 0.74 0.64 0.49
cWW_GA 1.71 1.40 1.06 1.08 1.40 1.08 0.76 0.76 1.07 0.76 0.42 0.49 1.09 0.76 0.48 0.42
cWW_AG 1.71 1.40 1.07 1.09 1.40 1.08 0.76 0.76 1.06 0.76 0.42 0.48 1.08 0.76 0.49 0.42
cWW_AA 1.72 1.41 1.10 1.08 1.40 1.09 0.81 0.76 1.06 0.75 0.46 0.42 1.12 0.81 0.60 0.47
tWW_UG 1.59 1.27 1.08 0.94 1.26 0.94 0.75 0.60 1.14 0.81 0.66 0.49 1.03 0.75 0.50 0.41
tWW_CA 1.64 1.31 1.08 0.98 1.30 0.97 0.75 0.63 1.17 0.84 0.65 0.51 1.10 0.77 0.51 0.43
tWW_AA 1.78 1.44 1.16 1.10 1.44 1.11 0.82 0.77 1.16 0.82 0.61 0.48 1.10 0.77 0.48 0.43
tWW_GG 1.66 1.35 1.13 1.01 1.35 1.08 0.81 0.74 1.13 0.81 0.63 0.47 1.01 0.74 0.47 0.40
tWW_AC 1.64 1.30 1.17 1.10 1.31 0.97 0.84 0.77 1.08 0.75 0.65 0.51 0.98 0.63 0.51 0.43
tWW_GU 1.59 1.26 1.14 1.03 1.27 0.94 0.81 0.75 1.08 0.75 0.66 0.50 0.94 0.60 0.49 0.41
tWW_UU 1.47 1.14 1.03 0.93 1.15 0.82 0.71 0.60 1.04 0.72 0.62 0.47 0.91 0.58 0.45 0.41
tWW_AU 1.48 1.13 1.01 0.93 1.21 0.88 0.75 0.74 0.93 0.58 0.46 0.39 0.86 0.55 0.41 0.47
tWW_CU 1.38 1.06 0.93 0.88 1.05 0.73 0.60 0.58 0.92 0.60 0.47 0.44 0.85 0.56 0.42 0.51
tWW_CC 1.23 0.91 0.80 0.66 1.05 0.72 0.59 0.56 0.92 0.59 0.46 0.42 0.85 0.55 0.41 0.49
tWW_UC 1.38 1.05 0.92 0.85 1.06 0.73 0.60 0.56 0.93 0.60 0.47 0.42 0.88 0.58 0.44 0.51
tWW_UA 1.48 1.21 0.93 0.86 1.13 0.88 0.58 0.55 1.01 0.75 0.46 0.41 0.93 0.74 0.39 0.47
tWW_GC 1.46 1.19 1.06 1.13 1.14 0.88 0.75 0.85 0.85 0.55 0.41 0.49 0.80 0.58 0.46 0.63
tWW_CG 1.46 1.14 0.85 0.80 1.19 0.88 0.55 0.58 1.06 0.75 0.41 0.46 1.13 0.85 0.49 0.63
cWH_UG 0.92 0.95 1.25 1.07 0.70 0.65 0.91 0.73 0.59 0.51 0.78 0.61 0.75 0.59 0.76 0.54
cWH_UA 1.01 0.96 1.21 1.01 0.80 0.67 0.88 0.68 0.68 0.53 0.75 0.56 0.84 0.60 0.70 0.48
cWH_CC 1.21 1.11 1.15 0.94 0.97 0.81 0.84 0.62 0.85 0.67 0.70 0.48 0.97 0.73 0.72 0.48
cWH_UU 0.00 0.35 0.47 0.61 0.35 0.00 0.14 0.28 0.47 0.14 0.00 0.25 0.61 0.28 0.25 0.00
cWH_CG 1.27 1.12 1.24 1.00 1.02 0.82 0.90 0.65 0.89 0.68 0.78 0.53 0.98 0.72 0.70 0.46
cWH_GG 0.00 0.34 0.66 0.69 0.34 0.00 0.35 0.35 0.66 0.35 0.00 0.25 0.69 0.35 0.25 0.00
cWH_AG 1.48 1.17 1.34 1.10 1.18 0.86 1.01 0.78 0.84 0.52 0.73 0.52 0.90 0.58 0.67 0.43
cWH_GA 1.36 1.21 1.34 1.12 1.08 0.90 1.03 0.81 0.73 0.58 0.79 0.60 0.83 0.58 0.68 0.46
tWH_UG 1.24 1.13 1.29 1.06 0.90 0.77 0.96 0.74 0.82 0.66 0.83 0.60 0.62 0.54 0.80 0.62
tWH_GG 1.43 1.21 1.33 1.09 1.09 0.88 1.05 0.81 0.88 0.60 0.70 0.46 0.74 0.54 0.76 0.56
tWH_AA 1.46 1.29 1.36 1.13 1.14 0.96 1.03 0.80 0.97 0.72 0.71 0.48 0.81 0.61 0.71 0.49
tWH_AG 1.45 1.28 1.32 1.08 1.14 0.94 1.00 0.76 0.95 0.69 0.67 0.43 0.80 0.59 0.69 0.46
tWH_GU 1.60 1.33 1.32 1.08 1.27 1.00 1.00 0.75 1.03 0.71 0.68 0.44 0.92 0.66 0.68 0.44
tWH_UU 1.49 1.19 1.16 0.92 1.15 0.85 0.83 0.59 1.04 0.73 0.70 0.46 0.92 0.67 0.68 0.45
tWH_CA 1.41 1.15 1.14 0.92 1.09 0.83 0.84 0.61 0.99 0.72 0.70 0.47 0.84 0.61 0.71 0.48
tWH_CG 1.43 1.16 1.14 0.90 1.11 0.84 0.83 0.59 1.02 0.73 0.69 0.45 0.85 0.61 0.69 0.45
tWH_UA 1.34 1.04 1.10 0.87 1.01 0.72 0.82 0.59 0.90 0.59 0.68 0.45 0.79 0.55 0.76 0.57
tWH_CC 1.27 1.05 1.03 0.80 0.97 0.79 0.80 0.58 0.84 0.65 0.67 0.45 0.80 0.70 0.76 0.57
cWS_AG 1.26 1.26 1.18 1.41 0.96 0.95 0.88 1.11 0.64 0.72 0.77 0.97 0.64 0.61 0.57 0.79
cWS_AC 1.24 1.22 1.17 1.39 0.93 0.89 0.85 1.07 0.60 0.63 0.62 0.86 0.64 0.54 0.50 0.72
cWS_AU 1.26 1.23 1.17 1.41 0.95 0.90 0.85 1.08 0.61 0.62 0.61 0.86 0.67 0.56 0.50 0.73
cWS_AA 1.33 1.27 1.13 1.36 1.00 0.92 0.80 1.03 0.68 0.67 0.68 0.88 0.68 0.57 0.48 0.70
cWS_GG 1.21 1.25 1.16 1.40 0.94 0.94 0.84 1.07 0.58 0.61 0.62 0.83 0.71 0.62 0.49 0.72
cWS_CA 1.05 1.09 1.04 1.26 0.75 0.75 0.72 0.93 0.61 0.63 0.63 0.83 0.66 0.56 0.46 0.68
cWS_CU 1.03 1.08 1.06 1.30 0.75 0.76 0.73 0.97 0.61 0.63 0.62 0.86 0.67 0.56 0.50 0.74
cWS_CC 1.04 1.08 1.07 1.30 0.75 0.76 0.74 0.97 0.61 0.63 0.63 0.86 0.67 0.57 0.51 0.74
cWS_CG 1.04 1.09 1.07 1.29 0.75 0.76 0.74 0.96 0.62 0.64 0.65 0.86 0.65 0.55 0.49 0.71
cWS_GA 1.17 1.15 1.03 1.25 0.95 0.86 0.70 0.93 0.66 0.52 0.42 0.62 0.83 0.62 0.37 0.60
cWS_GC 1.27 1.16 1.09 1.28 1.02 0.87 0.78 0.97 0.68 0.53 0.46 0.67 0.83 0.59 0.47 0.63
cWS_GU 1.16 1.05 0.98 1.21 1.08 0.88 0.78 0.97 0.73 0.53 0.45 0.67 0.87 0.60 0.48 0.64
cWS_UA 0.86 0.92 0.94 1.14 0.70 0.64 0.59 0.80 0.59 0.50 0.48 0.68 0.77 0.58 0.39 0.62
cWS_UU 0.84 0.89 0.90 1.12 0.72 0.64 0.61 0.84 0.63 0.51 0.47 0.70 0.78 0.61 0.53 0.75
cWS_UG 0.76 0.85 0.94 1.11 0.65 0.60 0.61 0.80 0.55 0.47 0.49 0.67 0.73 0.56 0.42 0.65
tWS_CA 1.05 1.11 1.07 1.29 0.82 0.81 0.74 0.96 0.81 0.75 0.62 0.85 0.62 0.56 0.51 0.71
tWS_AG 1.17 1.18 1.10 1.34 0.91 0.87 0.77 1.01 0.89 0.72 0.50 0.74 0.67 0.54 0.43 0.66
tWS_AC 1.21 1.20 1.16 1.39 0.93 0.88 0.83 1.06 0.87 0.69 0.60 0.81 0.65 0.53 0.48 0.71
tWS_AA 1.34 1.23 1.07 1.29 1.06 0.91 0.74 0.97 0.95 0.72 0.45 0.67 0.76 0.57 0.41 0.63
tWS_CG 1.25 1.13 0.92 1.16 0.95 0.80 0.60 0.84 0.90 0.71 0.48 0.72 0.70 0.55 0.41 0.65
tWS_CC 1.38 1.23 1.13 1.30 1.05 0.88 0.78 0.95 0.99 0.78 0.67 0.83 0.78 0.62 0.54 0.73
tWS_GC 1.27 1.10 1.00 1.16 0.97 0.84 0.76 0.97 0.76 0.54 0.43 0.62 0.62 0.52 0.47 0.69
tWS_GU 1.26 1.15 1.08 1.28 0.91 0.82 0.76 0.99 0.73 0.53 0.44 0.65 0.57 0.49 0.46 0.69
tWS_UA 1.06 1.03 0.83 1.06 0.75 0.69 0.53 0.76 0.68 0.58 0.39 0.62 0.51 0.49 0.47 0.66
tWS_UC 1.24 1.06 0.96 1.12 0.92 0.73 0.63 0.80 0.84 0.61 0.50 0.66 0.66 0.52 0.45 0.67
tWS_UU 1.23 1.03 0.91 1.06 0.91 0.71 0.60 0.79 0.79 0.57 0.46 0.66 0.72 0.61 0.55 0.78
tWS_UG 1.27 1.11 0.83 1.06 0.93 0.81 0.60 0.84 0.80 0.67 0.48 0.72 0.77 0.74 0.65 0.88
cHH_AG 1.40 1.17 1.18 0.94 1.27 1.00 0.93 0.71 1.35 1.07 0.89 0.74 1.13 0.84 0.67 0.51
cHH_GA 1.40 1.27 1.35 1.13 1.17 1.00 1.07 0.84 1.18 0.93 0.89 0.67 0.94 0.71 0.74 0.51
cHH_GC 0.59 0.80 0.92 1.05 0.53 0.62 0.75 0.83 0.82 0.75 0.89 0.87 0.66 0.52 0.65 0.63
cHH_CG 0.59 0.53 0.82 0.66 0.80 0.62 0.75 0.52 0.92 0.75 0.89 0.65 1.05 0.83 0.87 0.63
cHH_GG 0.57 0.49 0.74 0.56 0.83 0.64 0.71 0.48 1.09 0.95 1.06 0.82 1.18 0.98 1.00 0.76
tHH_GA 1.52 1.25 1.19 1.00 1.19 0.94 0.93 0.71 0.98 0.81 0.94 0.72 0.85 0.63 0.71 0.48
tHH_UA 1.58 1.32 1.27 1.06 1.23 0.99 0.99 0.77 1.15 0.93 0.98 0.75 0.96 0.71 0.74 0.51
tHH_AG 1.52 1.19 0.98 0.85 1.25 0.94 0.81 0.63 1.19 0.93 0.94 0.71 1.00 0.71 0.72 0.48
tHH_AU 1.58 1.23 1.15 0.96 1.32 0.99 0.93 0.71 1.27 0.99 0.98 0.74 1.06 0.77 0.75 0.51
tHH_CU 1.51 1.18 1.12 0.91 1.24 0.94 0.91 0.67 1.21 0.93 0.91 0.67 0.99 0.70 0.69 0.45
tHH_UC 1.51 1.24 1.21 0.99 1.18 0.94 0.93 0.70 1.12 0.91 0.91 0.69 0.91 0.67 0.67 0.45
tHH_CG 1.34 1.10 1.10 0.88 1.02 0.82 0.92 0.68 0.96 0.81 0.95 0.72 0.75 0.58 0.74 0.51
tHH_AA 1.31 1.04 0.95 0.75 1.04 0.81 0.82 0.59 0.94 0.82 0.98 0.76 0.74 0.59 0.76 0.55
tHH_GC 1.34 1.02 0.96 0.75 1.10 0.82 0.81 0.58 1.10 0.92 0.95 0.74 0.88 0.68 0.72 0.51
tHH_CA 1.26 0.98 0.93 0.72 0.99 0.77 0.84 0.61 0.97 0.79 0.91 0.68 0.76 0.59 0.73 0.52
tHH_AC 1.26 0.99 0.97 0.76 0.98 0.77 0.79 0.59 0.93 0.84 0.91 0.73 0.72 0.61 0.68 0.52
tHH_GG 1.36 1.05 0.94 0.75 1.16 0.81 0.77 0.53 1.47 1.11 1.10 0.87 1.30 0.95 1.00 0.76
cHS_AG 0.67 0.75 0.72 0.94 0.82 0.75 0.57 0.81 1.14 1.00 0.73 0.96 1.03 0.84 0.53 0.75
cHS_CC 0.60 0.76 0.80 1.01 0.66 0.66 0.64 0.87 0.78 0.73 0.69 0.91 0.70 0.56 0.49 0.70
cHS_UU 0.58 0.80 0.84 1.07 0.63 0.68 0.66 0.91 0.75 0.75 0.71 0.96 0.68 0.58 0.51 0.74
cHS_UG 0.56 0.80 0.91 1.09 0.56 0.70 0.68 0.90 0.67 0.77 0.69 0.92 0.59 0.58 0.44 0.68
cHS_CU 0.56 0.82 0.87 1.10 0.57 0.71 0.71 0.95 0.67 0.74 0.72 0.96 0.55 0.53 0.49 0.73
cHS_CA 0.60 0.84 0.97 1.13 0.57 0.69 0.72 0.91 0.66 0.73 0.69 0.89 0.53 0.52 0.46 0.66
cHS_AA 0.59 0.81 0.94 1.10 0.55 0.65 0.71 0.89 0.82 0.78 0.67 0.89 0.66 0.56 0.44 0.66
cHS_AC 0.56 0.78 0.83 1.03 0.56 0.62 0.62 0.84 0.82 0.74 0.67 0.86 0.66 0.53 0.45 0.64
cHS_CG 0.96 1.10 1.18 1.37 0.81 0.87 0.88 1.09 0.85 0.85 0.81 1.04 0.64 0.62 0.61 0.82
cHS_AU 0.85 0.99 1.01 1.25 0.76 0.77 0.76 1.01 0.93 0.82 0.75 0.97 0.73 0.60 0.53 0.76
cHS_GG 0.98 1.00 0.96 1.18 0.86 0.79 0.70 0.93 1.11 0.94 0.72 0.96 0.91 0.71 0.48 0.72
cHS_GA 0.99 1.01 0.97 1.18 0.89 0.83 0.71 0.94 1.11 0.94 0.70 0.92 0.89 0.70 0.46 0.69
cHS_UA 1.04 1.09 1.01 1.23 0.88 0.84 0.70 0.93 0.90 0.82 0.63 0.86 0.71 0.59 0.43 0.65
tHS_UA 1.54 1.31 0.99 1.17 1.24 1.01 0.71 0.91 1.16 0.95 0.68 0.90 0.98 0.74 0.44 0.65
tHS_GG 1.54 1.30 0.97 1.15 1.23 1.02 0.71 0.93 1.06 0.93 0.73 0.97 0.89 0.72 0.49 0.73
tHS_AA 1.36 1.13 0.83 1.03 1.04 0.84 0.59 0.81 0.88 0.79 0.68 0.91 0.71 0.57 0.46 0.68
tHS_AC 1.30 1.11 0.99 1.13 0.98 0.83 0.73 0.90 0.81 0.79 0.74 0.96 0.65 0.58 0.51 0.73
tHS_AU 1.32 1.10 0.98 1.14 1.01 0.83 0.73 0.93 0.83 0.78 0.73 0.97 0.67 0.56 0.50 0.74
tHS_CU 1.31 1.09 0.98 1.15 1.01 0.84 0.74 0.95 0.94 0.81 0.73 0.95 0.74 0.58 0.50 0.73
tHS_CC 1.24 1.06 0.96 1.14 0.94 0.81 0.73 0.93 0.86 0.78 0.72 0.94 0.67 0.55 0.49 0.71
tHS_CA 1.30 1.13 0.87 1.09 0.97 0.84 0.66 0.89 0.88 0.79 0.66 0.89 0.71 0.57 0.44 0.66
tHS_AG 1.32 1.13 0.86 1.09 0.99 0.84 0.62 0.86 0.80 0.77 0.71 0.93 0.65 0.55 0.48 0.70
tHS_UG 1.34 1.23 0.96 1.19 1.02 0.93 0.72 0.96 0.91 0.87 0.70 0.94 0.77 0.66 0.45 0.70
cSS_GG 0.55 0.59 0.62 0.82 0.78 0.67 0.55 0.78 0.99 0.76 0.49 0.71 1.11 0.94 0.71 0.94
cSS_CC 0.65 0.63 0.62 0.83 0.89 0.75 0.67 0.86 0.97 0.78 0.68 0.86 1.16 1.00 0.91 1.09
cSS_GU 0.67 0.65 0.64 0.86 0.88 0.75 0.69 0.86 1.08 0.86 0.75 0.86 1.21 1.03 0.93 1.08
cSS_GA 0.70 0.65 0.61 0.81 0.89 0.72 0.50 0.72 1.04 0.76 0.43 0.60 1.20 0.96 0.65 0.84
cSS_CA 0.67 0.64 0.61 0.80 0.86 0.70 0.49 0.72 0.92 0.71 0.44 0.66 1.13 0.94 0.67 0.89
cSS_UA 0.65 0.63 0.62 0.80 0.85 0.69 0.49 0.72 0.89 0.69 0.44 0.66 1.11 0.93 0.67 0.89
cSS_UU 0.66 0.66 0.64 0.87 0.85 0.70 0.61 0.82 0.89 0.69 0.59 0.77 1.11 0.93 0.82 1.00
cSS_AA 0.65 0.65 0.64 0.83 0.85 0.70 0.50 0.73 0.99 0.73 0.40 0.59 1.14 0.92 0.61 0.81
cSS_UC 0.68 0.64 0.61 0.82 0.86 0.67 0.58 0.75 0.90 0.66 0.55 0.69 1.13 0.91 0.80 0.93
cSS_AU 0.70 0.74 0.72 0.96 0.87 0.76 0.69 0.91 0.99 0.77 0.65 0.82 1.16 0.97 0.86 1.04
cSS_AG 0.65 0.66 0.65 0.86 0.86 0.73 0.55 0.79 1.01 0.77 0.47 0.69 1.15 0.96 0.68 0.91
cSS_AC 0.63 0.66 0.66 0.88 0.85 0.74 0.67 0.88 1.02 0.81 0.70 0.84 1.16 0.99 0.88 1.04
cSS_UG 0.67 0.65 0.66 0.85 0.88 0.74 0.56 0.80 0.94 0.75 0.51 0.75 1.15 0.99 0.75 0.99
cSS_CG 0.70 0.65 0.65 0.85 0.90 0.74 0.57 0.80 0.96 0.76 0.52 0.76 1.16 0.99 0.75 0.99
cSS_CU 0.64 0.69 0.70 0.94 0.87 0.80 0.75 0.99 0.93 0.82 0.74 0.97 1.13 1.03 0.96 1.18
cSS_GC 0.67 0.71 0.67 0.90 0.90 0.89 0.80 1.00 1.09 0.99 0.86 1.01 1.23 1.17 1.06 1.22
tSS_AA 1.27 1.13 0.91 1.14 0.94 0.84 0.70 0.92 0.62 0.49 0.42 0.62 0.62 0.62 0.64 0.82
tSS_AU 1.18 1.03 0.94 1.15 0.91 0.79 0.72 0.95 0.57 0.46 0.42 0.66 0.63 0.63 0.62 0.87
tSS_AC 1.25 1.10 1.00 1.18 0.93 0.82 0.74 0.95 0.59 0.48 0.43 0.66 0.63 0.64 0.62 0.85
tSS_AG 1.25 1.06 0.78 1.00 0.93 0.79 0.59 0.83 0.59 0.46 0.38 0.60 0.65 0.64 0.60 0.82
tSS_GU 1.07 0.90 0.78 0.95 0.95 0.85 0.77 0.99 0.63 0.57 0.52 0.76 0.77 0.79 0.76 1.00
tSS_GC 1.30 1.06 0.93 1.05 1.06 0.86 0.75 0.92 0.73 0.59 0.52 0.74 0.92 0.82 0.76 0.97
tSS_GG 1.27 1.03 0.70 0.88 1.01 0.81 0.53 0.76 0.68 0.53 0.40 0.63 0.88 0.77 0.63 0.87
tSS_GA 1.24 0.98 0.64 0.81 1.02 0.80 0.51 0.73 0.71 0.55 0.42 0.64 0.91 0.79 0.65 0.87
